SRTM/N27E086.dat
ncols        150
nrows        100
xllcorner    86.874583333333
yllcorner    27.917083333333
cellsize     0.000833333333
NODATA_value -32768
[rows 0 to 37 of 100, columns 0 to 83 of 150]
5372 5403 5424 5431 5422 5406 5387 5366 5345 5328 5304 5289 5276 5262 5255 5247 5236 5218 5208 5190 5179 5176 5174 5165 5158 5149 5141 5103 5050 5006 4968 4940 4923 4914 4898 4862 4831 4801 4789 4773 4755 4740 4729 4713 4708 4705 4704 4713 4742 4783 4809 4847 4868 4906 4939 4974 4989 5026 5035 5038 5035 5028 5026 5027 5032 5044 5057 5069 5078 5093 5100 5106 5111 5117 5122 5118 5101 5077 5053 5027 5009 4988 4982 4975
5391 5420 5437 5435 5424 5407 5390 5374 5354 5344 5322 5307 5299 5287 5280 5268 5252 5239 5230 5216 5208 5201 5195 5187 5176 5161 5141 5085 5033 4993 4971 4943 4929 4914 4890 4860 4826 4811 4792 4783 4762 4745 4725 4709 4708 4701 4705 4711 4740 4766 4817 4801 4872 4909 4928 4958 4992 5013 5011 5003 4996 4996 4996 5001 5015 5027 5043 5051 5062 5073 5071 5078 5079 5083 5091 5087 5079 5061 5039 5018 4995 4977 4957 4948
5403 5422 5429 5425 5418 5404 5391 5374 5362 5349 5338 5327 5315 5308 5299 5282 5269 5264 5252 5245 5239 5228 5218 5204 5195 5181 5140 5090 5041 5004 4964 4941 4925 4913 4884 4853 4826 4816 4799 4782 4763 4733 4716 4707 4705 4705 4705 4710 4745 4798 4833 4862 4873 4922 4943 4969 4980 4986 4989 4972 4968 4963 4966 4979 4995 5021 5030 5044 5051 5049 5057 5050 5053 5054 5057 5056 5049 5028 5011 4993 4977 4959 4942 4917
5400 5406 5406 5402 5398 5388 5379 5370 5362 5353 5345 5334 5326 5318 5308 5300 5288 5284 5270 5264 5259 5246 5236 5223 5209 5182 5156 5101 5040 5000 4960 4943 4929 4913 4886 4859 4854 4839 4804 4794 4785 4739 4706 4705 4709 4708 4713 4711 4744 4788 4835 4876 4914 4940 4949 4948 4955 4960 4954 4945 4936 4929 4932 4961 4983 4998 5024 5029 5039 5044 5041 5038 5028 5025 5022 5025 5014 4996 4981 4963 4948 4928 4910 4901
5394 5394 5387 5381 5376 5371 5362 5357 5352 5345 5342 5338 5335 5328 5321 5310 5303 5295 5287 5283 5274 5263 5244 5229 5208 5176 5130 5092 5045 5006 4979 4954 4928 4905 4891 4880 4863 4862 4846 4828 4808 4739 4707 4707 4709 4714 4714 4711 4737 4779 4835 4880 4895 4916 4927 4920 4922 4931 4925 4907 4896 4898 4909 4940 4973 4995 5002 5011 5024 5026 5018 5015 4999 4992 4998 4997 4986 4969 4950 4935 4917 4897 4889 4896
5388 5382 5377 5369 5359 5353 5343 5339 5334 5331 5326 5326 5333 5327 5324 5321 5314 5304 5297 5295 5289 5273 5247 5226 5206 5161 5112 5070 5034 5008 4980 4950 4921 4895 4888 4875 4863 4851 4832 4819 4790 4739 4710 4711 4710 4711 4713 4714 4718 4748 4804 4853 4861 4868 4877 4882 4881 4880 4881 4876 4869 4872 4891 4915 4941 4969 4984 4998 5004 5009 4994 4984 4964 4962 4963 4956 4940 4931 4919 4903 4879 4875 4885 4900
5375 5367 5360 5348 5336 5325 5319 5311 5306 5303 5300 5305 5316 5317 5322 5322 5315 5311 5309 5302 5294 5278 5260 5235 5196 5142 5099 5057 5025 5001 4968 4943 4908 4889 4873 4859 4845 4828 4821 4802 4773 4739 4710 4713 4713 4712 4715 4716 4717 4726 4764 4798 4822 4820 4831 4838 4848 4852 4854 4852 4849 4848 4869 4889 4907 4930 4943 4967 4983 4986 4973 4953 4937 4932 4926 4922 4913 4897 4887 4870 4866 4870 4888 4923
5370 5353 5339 5324 5310 5295 5287 5278 5273 5270 5269 5275 5286 5293 5302 5314 5321 5323 5320 5312 5307 5286 5265 5234 5194 5150 5114 5067 5035 5002 4958 4929 4904 4883 4863 4852 4841 4823 4806 4789 4768 4732 4709 4714 4713 4714 4715 4718 4722 4723 4722 4746 4759 4766 4778 4790 4805 4816 4824 4825 4824 4823 4853 4866 4882 4897 4914 4927 4954 4952 4944 4924 4910 4903 4905 4897 4883 4875 4856 4850 4860 4876 4899 4936
5370 5349 5330 5313 5291 5269 5259 5247 5244 5238 5242 5248 5255 5268 5280 5293 5307 5313 5318 5317 5315 5300 5284 5251 5213 5176 5142 5098 5057 5018 4971 4939 4909 4873 4860 4846 4828 4818 4805 4781 4759 4731 4711 4712 4715 4717 4718 4720 4719 4720 4720 4727 4733 4731 4739 4747 4767 4778 4789 4797 4801 4807 4826 4843 4856 4869 4887 4898 4925 4913 4905 4896 4886 4876 4876 4866 4856 4842 4840 4851 4868 4884 4914 4945
5377 5356 5341 5318 5290 5264 5238 5220 5209 5210 5206 5218 5223 5236 5257 5270 5286 5297 5309 5314 5312 5305 5291 5267 5230 5196 5171 5123 5081 5026 4988 4946 4927 4883 4877 4854 4830 4821 4799 4780 4757 4726 4713 4715 4717 4720 4718 4720 4722 4721 4721 4724 4723 4733 4735 4734 4739 4750 4760 4769 4779 4789 4806 4822 4833 4847 4855 4880 4886 4886 4877 4865 4860 4845 4840 4828 4828 4831 4838 4858 4881 4906 4934 4955
5388 5367 5351 5331 5308 5276 5251 5218 5198 5180 5177 5177 5189 5201 5219 5242 5258 5272 5286 5298 5308 5304 5291 5274 5240 5210 5180 5144 5089 5040 5007 4962 4937 4909 4907 4867 4845 4815 4808 4791 4770 4729 4714 4712 4715 4716 4716 4720 4727 4728 4730 4721 4728 4727 4733 4732 4736 4739 4741 4748 4756 4769 4776 4799 4807 4814 4845 4859 4865 4857 4846 4833 4827 4825 4813 4813 4821 4840 4856 4876 4903 4927 4955 4975
5396 5377 5361 5337 5314 5289 5273 5249 5206 5183 5154 5152 5158 5170 5185 5200 5213 5232 5251 5265 5277 5288 5285 5272 5248 5212 5183 5143 5094 5052 5015 4980 4956 4932 4906 4878 4846 4826 4810 4796 4766 4734 4714 4716 4717 4721 4720 4722 4730 4747 4753 4746 4748 4740 4734 4731 4734 4733 4739 4741 4746 4748 4759 4776 4787 4804 4813 4829 4828 4826 4813 4811 4803 4804 4811 4832 4857 4865 4878 4904 4929 4959 4976 4993
5400 5381 5365 5343 5318 5293 5269 5245 5225 5201 5168 5134 5115 5127 5143 5158 5175 5189 5207 5223 5241 5242 5250 5244 5226 5194 5167 5141 5107 5069 5039 5001 4966 4937 4909 4884 4845 4824 4803 4788 4757 4733 4717 4720 4718 4721 4723 4728 4743 4756 4763 4763 4759 4762 4754 4740 4740 4737 4737 4743 4745 4749 4748 4759 4772 4790 4800 4806 4799 4800 4788 4788 4795 4816 4849 4872 4889 4899 4912 4926 4956 4974 4986 -32768
5396 5379 5360 5339 5316 5292 5274 5250 5224 5204 5174 5131 5099 5085 5102 5115 5130 5148 5167 5178 5195 5210 5209 5212 5198 5173 5145 5131 5120 5080 5045 5014 4983 4956 4922 4883 4859 4821 4795 4768 4745 4723 4717 4720 4718 4722 4727 4745 4755 4768 4779 4783 4767 4776 4773 4758 4742 4742 4744 4743 4745 4746 4752 4756 4759 4769 4782 4783 4775 4777 4776 4787 4815 4841 4873 4898 4916 4937 4935 4955 4976 4980 4993 -32768
5381 5364 5349 5328 5305 5289 5271 5249 5226 5208 5173 5135 5091 5061 5060 5081 5093 5104 5121 5131 5147 5158 5168 5173 5161 5141 5111 5095 5085 5066 5045 5017 4983 4960 4930 4902 4872 4833 4809 4763 4735 4722 4717 4720 4720 4724 4738 4770 4783 4800 4802 4801 4800 4795 4796 4781 4755 4754 4744 4743 4747 4747 4749 4754 4754 4763 4767 4767 4768 4776 4783 4817 4831 4853 4880 4913 4937 4946 4955 4973 4985 5005 5005 5001
5357 5341 5322 5308 5288 5274 5263 5247 5219 5191 5152 5118 5091 5055 5029 5036 5049 5063 5070 5087 5102 5112 5119 5122 5120 5105 5083 5046 5027 5024 5025 5007 4981 4960 4942 4931 4884 4853 4812 4763 4727 4722 4719 4720 4727 4745 4775 4815 4832 4835 4833 4818 4815 4817 4809 4798 4785 4767 4752 4750 4748 4749 4752 4753 4756 4755 4758 4764 4777 4788 4806 4831 4844 4869 4889 4921 4947 4968 4983 4995 4969 4984 4986 4969
5341 5308 5292 5273 5251 5242 5239 5231 5203 5175 5145 5111 5078 5051 5019 5005 5003 5022 5029 5038 5055 5068 5074 5078 5075 5064 5034 5005 4985 4977 4980 4970 4954 4939 4923 4920 4894 4862 4797 4753 4723 4725 4722 4722 4722 4755 4812 4842 4874 4880 4874 4867 4855 4840 4831 4815 4809 4795 4773 4759 4757 4753 4752 4754 4756 4758 4762 4767 4787 4794 4818 4835 4862 4889 4911 4924 4952 4974 4983 4990 4978 4977 4967 4941
5333 5292 5259 5236 5206 5197 5199 5188 5170 5156 5137 5113 5082 5054 5030 5004 4980 4976 4984 4999 5015 5026 5028 5036 5023 5017 4999 4967 4955 4943 4938 4933 4923 4916 4911 4900 4886 4847 4785 4736 4725 4722 4724 4719 4723 4776 4817 4873 4907 4922 4921 4913 4899 4869 4855 4854 4852 4836 4813 4792 4771 4764 4754 4755 4758 4759 4764 4766 4773 4802 4823 4848 4866 4891 4915 4947 4957 4980 4972 4972 4972 4958 4937 4905
5330 5294 5236 5208 5172 5154 5141 5136 5126 5119 5118 5109 5085 5065 5046 5019 4991 4961 4943 4946 4959 4977 5001 5013 4988 4978 4958 4940 4923 4915 4903 4899 4902 4900 4904 4901 4864 4840 4779 4738 4723 4726 4726 4722 4736 4781 4849 4891 4915 4948 4954 4945 4919 4907 4894 4890 4894 4879 4852 4826 4807 4802 4785 4765 4765 4764 4766 4770 4774 4803 4826 4836 4855 4878 4900 4932 4957 4939 4959 4960 4953 4926 4902 4883
5321 5285 5237 5214 5160 5128 5110 5090 5084 5082 5096 5101 5093 5075 5064 5042 5009 4985 4949 4915 4917 4927 4968 4982 4967 4953 4927 4924 4905 4894 4883 4876 4876 4893 4898 4893 4874 4840 4784 4730 4729 4722 4725 4726 4747 4816 4857 4921 4976 4984 4976 4969 4948 4931 4921 4928 4935 4922 4888 4872 4845 4838 4813 4782 4767 4768 4770 4770 4772 4787 4799 4817 4832 4854 4876 4910 4936 4946 4947 4937 4918 4899 4879 4863
5301 5270 5237 5203 5167 5121 5098 5073 5056 5049 5063 5085 5085 5088 5071 5055 5030 5004 4963 4930 4894 4885 4915 4937 4935 4909 4898 4905 4888 4880 4865 4855 4861 4868 4876 4892 4864 4832 4756 4734 4730 4730 4728 4729 4764 4833 4885 4942 4996 5019 5013 4992 4976 4965 4966 4970 4976 4965 4940 4921 4888 4876 4843 4813 4780 4771 4774 4773 4778 4780 4785 4794 4810 4831 4852 4878 4894 4907 4905 4897 4881 4872 4859 4855
5298 5252 5222 5190 5159 5123 5095 5067 5041 5027 5028 5055 5078 5081 5069 5053 5036 5012 4975 4943 4906 4867 4853 4864 4870 4869 4860 4870 4880 4869 4849 4837 4833 4850 4863 4869 4851 4810 4757 4734 4731 4730 4729 4731 4767 4841 4895 4947 5009 5043 5042 5020 5006 4999 5005 5010 5009 4997 4977 4955 4945 4920 4886 4856 4815 4778 4778 4779 4778 4785 4782 4786 4797 4814 4833 4860 4876 4873 4868 4868 4858 4853 4847 4852
5293 5255 5221 5184 5158 5127 5100 5084 5059 5019 4998 4997 5017 5047 5058 5042 5030 5006 4983 4945 4913 4878 4845 4828 4829 4831 4845 4860 4871 4846 4834 4818 4815 4825 4836 4842 4831 4789 4746 4732 4728 4728 4732 4746 4804 4861 4923 4963 5021 5060 5068 5052 5032 5036 5034 5043 5039 5028 5013 4998 4978 4955 4930 4896 4851 4803 4782 4782 4786 4786 4785 4788 4793 4799 4811 4834 4853 4853 4846 4842 4843 4842 4843 4845
5280 5243 5208 5187 5153 5136 5104 5087 5058 5022 4995 4966 4965 4991 5005 4999 5001 4993 4976 4949 4923 4888 4853 4828 4810 4814 4813 4819 4822 4809 4808 4802 4799 4804 4809 4806 4792 4763 4740 4732 4730 4728 4730 4747 4816 4866 4917 4968 5018 5053 5070 5075 5066 5072 5072 5079 5071 5066 5054 5040 5020 4997 4965 4934 4891 4846 4807 4784 4780 4784 4790 4793 4795 4800 4803 4810 4822 4825 4826 4830 4831 4836 4840 4840
5257 5230 5204 5172 5147 5121 5097 5079 5051 5015 4990 4964 4936 4940 4952 4950 4950 4943 4944 4925 4903 4887 4855 4819 4808 4803 4803 4799 4794 4790 4784 4780 4783 4781 4774 4768 4758 4746 4739 4735 4735 4729 4732 4746 4799 4861 4894 4944 4984 5014 5066 5087 5105 5104 5109 5104 5100 5099 5083 5071 5047 5028 4994 4964 4927 4883 4848 4800 4784 4789 4793 4796 4800 4806 4806 4813 4810 4813 4818 4822 4824 4829 4831 4836
5233 5215 5186 5161 5133 5107 5083 5057 5037 5010 4987 4956 4928 4910 4908 4909 4907 4902 4889 4877 4864 4845 4831 4810 4798 4789 4782 4772 4774 4770 4766 4761 4763 4757 4756 4750 4744 4739 4735 4735 4735 4734 4739 4767 4799 4824 4865 4914 4958 5000 5040 5086 5124 5131 5138 5134 5132 5120 5115 5096 5079 5056 5035 5003 4967 4922 4882 4829 4803 4793 4794 4796 4802 4799 4802 4817 4816 4823 4822 4821 4832 4829 4828 4836
5211 5197 5178 5152 5126 5100 5073 5046 5025 5010 4983 4953 4920 4901 4890 4886 4872 4866 4856 4845 4837 4825 4814 4794 4783 4779 4777 4778 4778 4779 4772 4772 4767 4761 4753 4753 4748 4738 4738 4736 4736 4738 4762 4774 4791 4819 4843 4885 4931 4983 5024 5079 5116 5150 5159 5159 5154 5146 5136 5125 5109 5091 5066 5030 4997 4957 4920 4874 4826 4796 4794 4797 4800 4804 4808 4811 4817 4822 4824 4821 4826 4829 4832 4844
5191 5167 5151 5125 5103 5077 5056 5031 5002 4987 4974 4948 4925 4902 4885 4876 4869 4858 4852 4840 4831 4826 4816 4810 4807 4801 4811 4804 4808 4801 4790 4786 4783 4774 4763 4759 4754 4745 4739 4736 4744 4748 4789 4791 4796 4816 4838 4874 4926 4984 5019 5083 5120 5165 5173 5182 5170 5166 5156 5147 5130 5113 5087 5061 5026 4988 4943 4911 4878 4834 4800 4801 4798 4805 4808 4811 4814 4816 4819 4820 4823 4825 4830 4841
5178 5154 5131 5108 5076 5053 5033 5004 4982 4959 4943 4927 4909 4893 4885 4874 4868 4855 4845 4842 4835 4831 4828 4831 4840 4851 4855 4856 4850 4841 4838 4820 4816 4801 4793 4778 4756 4750 4741 4741 4737 4748 4782 4787 4801 4822 4840 4886 4936 5003 5035 5078 5135 5167 5187 5194 5195 5181 5181 5171 5158 5134 5114 5085 5059 5023 4980 4953 4906 4869 4833 4806 4804 4807 4808 4813 4814 4817 4819 4821 4825 4828 4837 4841
5194 5176 5148 5124 5101 5072 5048 5008 4983 4961 4943 4928 4913 4898 4880 4875 4867 4856 4855 4847 4847 4854 4855 4873 4880 4890 4900 4905 4898 4898 4877 4859 4842 4842 4822 4802 4770 4758 4738 4739 4740 4742 4755 4782 4800 4820 4868 4916 4960 5013 5053 5102 5154 5180 5202 5208 5208 5209 5195 5188 5173 5160 5137 5111 5079 5043 5007 4954 4919 4894 4867 4829 4808 4809 4810 4816 4813 4817 4819 4820 4827 4829 4837 4846
5213 5193 5174 5154 5130 5105 5076 5040 4997 4969 4957 4942 4935 4926 4910 4896 4884 4880 4882 4869 4873 4884 4892 4908 4919 4932 4950 4958 4951 4936 4915 4904 4899 4879 4870 4832 4809 4772 4743 4740 4741 4744 4744 4767 4802 4841 4875 4930 4976 5022 5074 5120 5155 5192 5210 5214 5220 5215 5214 5202 5184 5169 5152 5131 5096 5050 5007 4976 4949 4936 4909 4879 4821 4812 4812 4812 4819 4818 4822 4826 4827 4830 4837 4848
5235 5210 5185 5157 5126 5102 5069 5035 5009 4984 4985 4976 4958 4952 4940 4931 4920 4917 4900 4898 4911 4921 4937 4956 4967 4981 4994 5001 4987 4970 4956 4943 4938 4917 4894 4865 4839 4789 4747 4739 4743 4744 4747 4768 4808 4853 4895 4943 4997 5045 5088 5128 5157 5182 5198 5206 5217 5224 5226 5217 5202 5180 5160 5134 5109 5065 5026 5011 5000 4982 4950 4913 4872 4834 4818 4819 4823 4822 4825 4829 4829 4830 4840 4853
5249 5222 5188 5154 5132 5099 5081 5047 5044 5031 5016 5004 4995 4985 4979 4962 4952 4946 4934 4925 4941 4965 4975 4992 5006 5017 5027 5028 5009 4991 4991 4989 4971 4964 4934 4898 4867 4821 4751 4739 4743 4742 4752 4770 4826 4865 4909 4952 4999 5041 5076 5102 5126 5144 5158 5174 5193 5202 5216 5217 5204 5191 5169 5150 5121 5102 5068 5052 5038 5019 4982 4950 4922 4872 4823 4818 4822 4826 4828 4829 4831 4833 4839 4848
5261 5231 5200 5163 5134 5108 5083 5066 5058 5064 5046 5034 5027 5021 5016 5001 4992 4985 4967 4952 4978 4997 5010 5024 5039 5043 5054 5050 5048 5037 5023 5018 5005 4985 4963 4917 4878 4830 4759 4742 4745 4751 4750 4782 4825 4866 4915 4950 4988 5021 5047 5060 5074 5089 5110 5126 5145 5163 5187 5202 5207 5195 5180 5159 5145 5128 5107 5095 5072 5046 5019 4985 4947 4903 4855 4836 4824 4828 4830 4834 4835 4836 4841 4850
5265 5241 5207 5172 5139 5115 5099 5095 5088 5085 5083 5077 5066 5059 5052 5039 5030 5016 4999 4990 5008 5035 5041 5053 5063 5069 5078 5083 5064 5057 5048 5035 5024 5003 4978 4944 4865 4827 4765 4744 4746 4750 4769 4794 4826 4856 4894 4924 4944 4977 4989 5004 5020 5038 5055 5077 5097 5123 5150 5165 5181 5189 5186 5175 5161 5144 5138 5120 5101 5080 5046 5009 4975 4925 4897 4870 4846 4833 4830 4833 4835 4840 4843 4849
5261 5231 5200 5162 5145 5129 5122 5123 5123 5112 5111 5104 5094 5089 5079 5067 5066 5047 5034 5032 5042 5064 5072 5080 5094 5099 5105 5099 5089 5078 5068 5052 5037 5013 4979 4936 4868 4839 4764 4747 4745 4754 4767 4780 4791 4819 4847 4871 4898 4920 4932 4952 4967 4990 5006 5026 5046 5080 5104 5129 5153 5173 5185 5187 5179 5173 5160 5151 5125 5104 5075 5041 5000 4962 4921 4906 4879 4857 4837 4836 4839 4839 4845 4848
5249 5223 5194 5175 5158 5150 5143 5144 5144 5136 5127 5128 5119 5112 5103 5098 5088 5072 5067 5062 5078 5091 5102 5111 5118 5125 5122 5111 5109 5092 5077 5060 5034 5018 4977 4939 4886 4821 4757 4745 4751 4754 4759 4770 4770 4784 4807 4833 4851 4869 4886 4899 4912 4930 4952 4981 5001 5032 5066 5091 5115 5144 5168 5183 5197 5187 5178 5165 5147 5128 5102 5068 5033 4993 4968 4930 4918 4901 4876 4847 4841 4840 4844 4849
5250 5230 5213 5194 5186 5172 5166 5163 5165 5162 5159 5153 5149 5139 5134 5126 5115 5107 5105 5103 5110 5121 5127 5135 5138 5133 5135 5129 5118 5103 5080 5060 5030 5003 4960 4917 4878 4817 4757 4750 4751 4755 4788 4802 4801 4785 4787 4794 4814 4818 4833 4849 4855 4877 4897 4933 4963 4991 5012 5040 5065 5094 5125 5159 5179 5197 5196 5185 5170 5142 5123 5104 5067 5033 5001 4964 4958 4937 4913 4880 4859 4846 4851 4849
