SRTM/N27E086.dat
ncols        150
nrows        100
xllcorner    86.874583333333
yllcorner    27.917083333333
cellsize     0.000833333333
NODATA_value -32768
[rows 38 to 75 of 100, columns 0 to 83 of 150]
5271 5250 5235 5219 5214 5198 5191 5183 5183 5181 5182 5180 5172 5168 5157 5146 5144 5135 5133 5134 5135 5149 5157 5158 5158 5157 5148 5139 5126 5104 5086 5065 5025 4994 4947 4897 4856 4780 4757 4752 4750 4764 4852 4844 4833 4821 4813 4812 4816 4819 4834 4837 4844 4864 4873 4888 4917 4949 4981 5003 5033 5055 5081 5119 5152 5182 5197 5193 5180 5164 5144 5121 5092 5068 5032 5000 4982 4960 4937 4916 4895 4877 4868 4856
5294 5275 5262 5246 5235 5222 5212 5200 5202 5200 5198 5199 5190 5187 5178 5173 5166 5161 5161 5168 5164 5172 5174 5174 5173 5162 5149 5136 5122 5107 5090 5059 5023 4990 4953 4912 4848 4798 4753 4752 4753 4782 4845 4879 4868 4852 4833 4830 4829 4847 4868 4882 4906 4912 4924 4923 4908 4924 4943 4971 5000 5032 5057 5093 5123 5157 5183 5194 5189 5180 5166 5143 5124 5098 5059 5034 5000 4984 4970 4951 4931 4905 4893 4887
5315 5300 5288 5270 5259 5241 5231 5222 5219 5214 5211 5211 5205 5203 5199 5190 5188 5185 5183 5181 5181 5184 5178 5174 5168 5152 5141 5126 5114 5099 5072 5055 5010 4975 4929 4896 4840 4788 4757 4757 4756 4781 4839 4878 4888 4880 4861 4846 4852 4862 4881 4914 4948 4971 4977 4978 4975 4972 4963 4970 4990 5017 5041 5067 5098 5136 5171 5188 5191 5189 5186 5171 5146 5122 5092 5067 5039 5017 5002 4985 4958 4928 4929 4930
5343 5327 5314 5295 5276 5259 5249 5242 5235 5230 5232 5229 5218 5213 5211 5207 5200 5195 5193 5187 5183 5181 5175 5162 5155 5142 5131 5112 5099 5075 5050 5015 4982 4957 4911 4869 4820 4772 4755 4758 4757 4777 4852 4892 4918 4907 4884 4857 4859 4873 4911 4939 4977 5012 5019 5013 5021 5028 5008 4993 4998 5012 5029 5056 5098 5130 5169 5179 5187 5195 5197 5189 5175 5159 5131 5095 5071 5057 5029 5001 4977 4952 4964 4960
5373 5356 5335 5315 5295 5280 5262 5251 5246 5241 5238 5231 5228 5220 5215 5209 5200 5194 5189 5183 5175 5171 5164 5152 5143 5129 5117 5097 5080 5046 5025 4999 4960 4923 4877 4839 4784 4773 4759 4761 4759 4776 4843 4872 4915 4925 4916 4889 4881 4876 4914 4961 4977 5026 5033 5049 5052 5053 5039 5021 5024 5035 5046 5066 5098 5127 5162 5185 5199 5207 5204 5203 5192 5175 5154 5133 5111 5089 5058 5030 4994 4980 4993 4977
5402 5373 5349 5323 5306 5289 5272 5258 5245 5240 5238 5231 5224 5219 5210 5200 5198 5188 5181 5173 5166 5157 5147 5139 5129 5113 5099 5079 5060 5035 5011 4972 4945 4911 4869 4824 4802 4779 4760 4760 4759 4784 4844 4904 4935 4933 4939 4930 4916 4912 4921 4945 4973 5020 5036 5056 5063 5058 5054 5041 5043 5050 5072 5081 5107 5143 5173 5196 5213 5223 5224 5222 5213 5197 5182 5164 5145 5108 5080 5059 5026 5020 5021 4999
5410 5385 5360 5336 5312 5298 5274 5259 5244 5233 5226 5218 5212 5204 5195 5190 5183 5173 5169 5160 5149 5145 5135 5128 5112 5100 5078 5057 5040 5015 4993 4964 4922 4913 4878 4834 4791 4769 4764 4761 4766 4774 4832 4880 4914 4943 4952 4954 4940 4943 4937 4954 4983 5003 5032 5062 5074 5066 5067 5060 5061 5072 5093 5106 5125 5157 5189 5212 5228 5237 5239 5239 5234 5219 5196 5177 5156 5127 5106 5076 5052 5054 5047 5011
5412 5388 5366 5347 5321 5300 5279 5262 5242 5228 5214 5199 5187 5178 5174 5171 5164 5153 5143 5139 5129 5127 5118 5111 5101 5088 5070 5045 5028 5004 4979 4966 4951 4913 4880 4827 4795 4771 4764 4761 4766 4778 4822 4859 4893 4932 4960 4974 4985 4969 4981 4984 5001 5022 5046 5071 5096 5096 5086 5080 5077 5087 5119 5136 5145 5171 5206 5232 5250 5258 5255 5250 5243 5239 5222 5209 5188 5164 5138 5100 5085 5079 5057 5024
5406 5387 5372 5350 5327 5307 5284 5253 5236 5218 5204 5188 5172 5156 5150 5143 5133 5126 5118 5107 5103 5098 5096 5091 5086 5072 5058 5035 5015 4991 4967 4939 4916 4888 4857 4826 4787 4775 4767 4763 4760 4796 4842 4864 4895 4929 4948 4977 4989 5001 5011 5007 5027 5050 5067 5087 5110 5122 5117 5108 5098 5108 5143 5167 5170 5185 5213 5241 5262 5270 5267 5266 5263 5256 5247 5234 5210 5188 5150 5133 5130 5112 5074 5040
5395 5377 5366 5351 5331 5307 5273 5249 5223 5205 5187 5174 5157 5141 5121 5115 5107 5094 5089 5083 5074 5062 5063 5067 5070 5060 5050 5029 5005 4986 4955 4926 4894 4864 4838 4814 4789 4777 4766 4764 4772 4789 4821 4853 4881 4918 4946 4982 5006 5034 5054 5058 5067 5083 5104 5126 5135 5153 5163 5149 5134 5137 5160 5187 5198 5214 5234 5255 5279 5280 5282 5280 5274 5272 5268 5246 5225 5193 5176 5169 5165 5143 5118 5070
5393 5370 5346 5328 5312 5293 5256 5227 5200 5181 5164 5148 5129 5112 5093 5080 5072 5060 5057 5045 5038 5030 5030 5043 5047 5049 5032 5025 5012 4984 4951 4920 4891 4857 4821 4807 4784 4775 4774 4771 4769 4783 4831 4866 4877 4905 4940 4971 5013 5050 5081 5098 5105 5120 5147 5171 5186 5195 5188 5173 5160 5167 5185 5213 5238 5253 5271 5278 5284 5292 5293 5295 5294 5291 5281 5272 5253 5231 5224 5216 5201 5170 5135 5083
5408 5383 5362 5332 5301 5269 5241 5210 5188 5169 5151 5130 5108 5080 5061 5047 5036 5024 5014 5009 5004 4996 4994 5008 5031 5021 5015 5010 4995 4981 4943 4928 4892 4866 4829 4808 4778 4776 4772 4770 4771 4786 4850 4894 4914 4913 4943 4975 5020 5057 5099 5125 5147 5171 5188 5205 5217 5222 5216 5204 5194 5205 5217 5240 5254 5273 5286 5297 5305 5306 5306 5312 5311 5308 5298 5287 5274 5261 5257 5246 5224 5188 5154 5115
5421 5397 5373 5344 5318 5284 5251 5216 5191 5172 5152 5132 5116 5083 5059 5037 5020 5003 4981 4971 4963 4954 4961 4969 4995 4985 4969 4964 4951 4934 4914 4887 4867 4845 4822 4807 4783 4777 4775 4773 4763 4788 4882 4901 4956 4966 4972 4981 5017 5061 5103 5139 5174 5200 5215 5224 5228 5228 5226 5222 5222 5226 5239 5257 5266 5276 5294 5307 5313 5319 5329 5332 5331 5319 5311 5302 5287 5279 5272 5254 5239 5213 5174 5149
5437 5409 5386 5357 5327 5299 5264 5233 5199 5181 5158 5140 5124 5103 5072 5057 5037 5019 4997 4975 4951 4934 4923 4930 4945 4939 4925 4909 4900 4885 4855 4837 4824 4813 4804 4796 4782 4777 4772 4773 4771 4815 4881 4920 4982 5005 5019 5022 5044 5063 5106 5144 5182 5199 5201 5211 5219 5224 5225 5223 5225 5232 5245 5260 5268 5282 5297 5308 5317 5324 5332 5338 5339 5334 5329 5318 5304 5304 5291 5279 5259 5241 5216 5179
5443 5420 5393 5366 5338 5307 5274 5252 5220 5195 5173 5155 5133 5118 5096 5080 5066 5045 5020 4997 4975 4953 4921 4900 4902 4892 4878 4864 4850 4835 4812 4803 4796 4793 4794 4787 4781 4777 4773 4774 4777 4829 4886 4935 4976 5008 5042 5065 5076 5092 5115 5147 5175 5183 5185 5185 5194 5205 5215 5218 5219 5228 5241 5259 5271 5279 5288 5303 5310 5316 5323 5325 5329 5325 5325 5320 5314 5316 5324 5306 5282 5255 5228 5194
5455 5426 5400 5377 5350 5321 5290 5263 5232 5208 5183 5168 5147 5130 5119 5098 5083 5065 5048 5022 5006 4971 4935 4895 4872 4862 4837 4824 4815 4812 4816 4836 4844 4830 4826 4797 4787 4780 4779 4776 4779 4838 4875 4926 4969 5003 5044 5068 5088 5104 5122 5140 5153 5163 5165 5167 5172 5186 5195 5205 5211 5221 5233 5254 5265 5277 5285 5295 5299 5308 5310 5306 5306 5304 5305 5308 5305 5309 5310 5310 5289 5272 5241 5207
5466 5431 5414 5378 5359 5332 5297 5269 5246 5218 5191 5175 5157 5133 5123 5107 5088 5070 5040 5024 5006 4973 4943 4901 4866 4852 4855 4860 4855 4852 4847 4860 4880 4863 4839 4794 4786 4780 4781 4781 4782 4834 4885 4928 4969 4998 5037 5058 5076 5094 5113 5133 5141 5136 5134 5144 5151 5165 5175 5190 5202 5218 5229 5245 5256 5269 5279 5286 5291 5292 5292 5291 5288 5284 5284 5287 5291 5300 5301 5299 5285 5269 5252 5226
5471 5443 5416 5389 5366 5335 5310 5277 5253 5226 5201 5180 5163 5138 5123 5109 5083 5066 5045 5016 4985 4958 4927 4895 4896 4905 4917 4914 4899 4889 4885 4894 4897 4886 4848 4800 4783 4784 4787 4780 4790 4846 4878 4931 4962 5003 5023 5051 5056 5069 5087 5105 5116 5113 5115 5123 5137 5156 5167 5187 5203 5220 5232 5240 5249 5261 5267 5277 5279 5279 5273 5267 5268 5262 5265 5267 5272 5281 5289 5290 5282 5267 5255 5234
5470 5443 5419 5395 5370 5341 5317 5283 5262 5235 5214 5183 5162 5148 5120 5092 5078 5060 5033 5004 4981 4952 4925 4928 4943 4959 4972 4973 4945 4928 4913 4900 4886 4859 4828 4789 4779 4787 4780 4777 4789 4842 4898 4936 4972 4998 5016 5041 5033 5044 5051 5063 5074 5081 5094 5122 5144 5162 5170 5187 5199 5218 5229 5230 5234 5238 5244 5254 5260 5259 5256 5247 5236 5240 5241 5241 5250 5262 5271 5278 5276 5266 5253 5235
5475 5444 5422 5396 5375 5344 5320 5283 5258 5248 5207 5191 5163 5142 5122 5096 5076 5045 5019 5000 4971 4949 4960 4976 4992 5013 5020 5010 4986 4966 4942 4916 4887 4846 4817 4797 4787 4787 4781 4780 4796 4836 4896 4937 4978 4997 5015 5021 5022 5025 5032 5030 5040 5063 5104 5132 5155 5161 5175 5180 5200 5213 5223 5225 5223 5220 5216 5221 5225 5229 5224 5214 5205 5210 5214 5216 5234 5246 5258 5263 5271 5265 5252 5234
5469 5445 5419 5396 5374 5346 5318 5293 5269 5243 5221 5195 5167 5135 5120 5083 5063 5029 5008 4986 4976 4988 5004 5019 5038 5051 5052 5044 5027 4996 4968 4943 4899 4864 4819 4789 4780 4783 4783 4785 4799 4839 4885 4919 4948 4968 4987 4993 4994 4995 5001 5015 5041 5071 5105 5125 5147 5159 5169 5177 5188 5200 5205 5209 5208 5201 5194 5190 5192 5193 5182 5173 5160 5170 5173 5192 5212 5230 5239 5250 5260 5264 5257 5241
5458 5436 5411 5390 5361 5340 5314 5290 5267 5243 5209 5191 5169 5135 5107 5086 5054 5024 5001 5004 5015 5025 5041 5058 5074 5086 5091 5078 5056 5022 5005 4960 4934 4880 4823 4800 4785 4784 4784 4795 4797 4825 4861 4883 4909 4919 4941 4948 4951 4967 4998 5034 5057 5080 5099 5110 5129 5144 5155 5167 5172 5187 5188 5187 5185 5182 5176 5163 5157 5148 5140 5127 5123 5128 5141 5164 5191 5213 5226 5240 5249 5263 5266 5254
5449 5426 5401 5375 5353 5330 5307 5283 5260 5243 5210 5184 5163 5127 5109 5081 5049 5019 5030 5040 5051 5065 5081 5097 5118 5134 5127 5119 5095 5061 5030 4984 4942 4900 4843 4803 4787 4786 4792 4788 4800 4808 4825 4836 4856 4873 4890 4911 4947 4985 5007 5052 5062 5078 5096 5101 5107 5115 5129 5141 5152 5159 5167 5166 5162 5155 5146 5126 5121 5113 5104 5096 5091 5094 5110 5137 5164 5198 5215 5230 5242 5256 5268 5263
5431 5407 5386 5364 5340 5320 5299 5273 5250 5231 5198 5176 5153 5124 5106 5065 5039 5044 5059 5074 5094 5105 5120 5135 5155 5170 5171 5148 5123 5087 5053 5009 4968 4918 4863 4793 4788 4785 4791 4801 4805 4822 4818 4849 4860 4882 4911 4934 4973 5001 5031 5049 5061 5072 5084 5086 5091 5095 5096 5100 5110 5124 5130 5133 5131 5121 5106 5088 5083 5076 5071 5064 5059 5068 5089 5118 5145 5183 5203 5217 5232 5248 5263 5270
5418 5397 5376 5347 5324 5310 5286 5263 5239 5214 5197 5169 5147 5117 5091 5069 5067 5073 5092 5110 5127 5151 5164 5184 5197 5203 5201 5171 5150 5118 5073 5031 4975 4928 4864 4799 4791 4790 4795 4805 4843 4852 4853 4860 4893 4904 4933 4962 4997 5010 5029 5037 5050 5062 5071 5074 5077 5073 5070 5068 5072 5078 5085 5104 5095 5084 5069 5049 5041 5040 5040 5039 5032 5044 5066 5097 5123 5155 5186 5203 5222 5239 5257 5270
5411 5384 5365 5331 5317 5295 5273 5257 5230 5211 5191 5171 5146 5121 5099 5092 5097 5109 5130 5148 5169 5191 5200 5219 5233 5238 5228 5203 5168 5137 5075 5028 4980 4926 4883 4805 4793 4790 4797 4807 4852 4891 4897 4883 4911 4930 4950 4975 4993 5010 5019 5026 5032 5041 5045 5046 5057 5055 5041 5040 5039 5036 5047 5052 5058 5038 5028 5017 5013 5005 5001 4997 5006 5031 5050 5074 5105 5132 5158 5187 5214 5232 5255 5272
5396 5371 5344 5319 5297 5287 5266 5245 5226 5208 5185 5170 5144 5126 5114 5123 5134 5142 5168 5184 5204 5229 5242 5257 5264 5265 5249 5221 5185 5141 5084 5035 4978 4933 4880 4798 4797 4796 4795 4810 4852 4892 4920 4921 4920 4920 4944 4973 4982 4992 4999 5005 5004 5010 5016 5022 5029 5026 5016 5006 5007 5003 5004 5010 5014 5006 4993 4987 4983 4973 4971 4990 5022 5047 5065 5082 5106 5128 5152 5185 5208 5230 5248 5268
5387 5357 5328 5299 5282 5262 5246 5230 5216 5205 5190 5167 5159 5144 5141 5157 5171 5185 5202 5225 5244 5265 5287 5296 5297 5288 5266 5230 5187 5137 5087 5024 4971 4923 4872 4799 4798 4795 4796 4807 4840 4892 4936 4936 4932 4928 4944 4953 4961 4965 4969 4969 4975 4979 4977 4980 4985 4987 4983 4971 4968 4967 4966 4969 4970 4967 4963 4951 4951 4958 4982 5014 5050 5071 5093 5104 5132 5164 5177 5194 5211 5229 5245 5258
5382 5346 5319 5289 5267 5254 5238 5225 5220 5207 5197 5193 5182 5181 5182 5183 5204 5222 5239 5260 5280 5304 5321 5325 5314 5293 5263 5218 5181 5117 5079 5022 4968 4916 4868 4799 4799 4797 4805 4814 4822 4871 4921 4931 4920 4918 4926 4928 4929 4925 4925 4927 4929 4939 4943 4941 4948 4946 4948 4941 4936 4938 4939 4937 4933 4930 4934 4936 4954 4969 4998 5035 5066 5094 5122 5132 5153 5184 5195 5205 5217 5227 5239 5252
5381 5350 5318 5292 5273 5262 5249 5239 5238 5230 5232 5225 5224 5219 5219 5219 5237 5252 5273 5294 5316 5335 5343 5336 5311 5288 5242 5193 5148 5108 5058 5009 4959 4904 4837 4802 4801 4806 4803 4808 4816 4846 4893 4900 4893 4885 4886 4885 4885 4887 4887 4892 4893 4898 4902 4909 4906 4913 4916 4914 4908 4912 4911 4913 4915 4923 4939 4964 4980 4991 5006 5049 5075 5100 5130 5143 5161 5189 5197 5208 5217 5227 5236 5244
5392 5363 5329 5311 5297 5281 5271 5267 5271 5268 5263 5263 5261 5255 5255 5259 5266 5285 5302 5320 5343 5351 5343 5325 5300 5264 5211 5166 5122 5070 5036 4983 4953 4901 4812 4797 4803 4807 4805 4811 4814 4823 4848 4858 4859 4852 4852 4851 4851 4854 4855 4862 4865 4868 4876 4877 4880 4884 4885 4889 4889 4899 4905 4918 4924 4944 4964 4997 5023 5015 5023 5043 5085 5100 5131 5147 5164 5184 5197 5204 5213 5223 5229 5232
5407 5381 5353 5334 5319 5316 5311 5312 5308 5306 5308 5307 5306 5298 5295 5293 5296 5311 5325 5338 5351 5342 5328 5303 5272 5232 5181 5137 5088 5045 4997 4964 4935 4883 4812 4801 4802 4809 4811 4811 4813 4820 4820 4833 4831 4836 4836 4838 4842 4844 4849 4857 4851 4854 4858 4860 4862 4866 4877 4882 4890 4906 4916 4929 4947 4964 4993 5027 5050 5050 5047 5056 5082 5105 5133 5142 5156 5176 5189 5198 5205 5210 5214 5217
5426 5402 5382 5366 5372 5363 5368 5355 5357 5358 5349 5351 5344 5333 5326 5327 5334 5337 5347 5351 5348 5332 5312 5292 5246 5205 5154 5117 5063 5006 4972 4948 4918 4871 4812 4804 4806 4810 4812 4814 4812 4817 4820 4826 4834 4840 4855 4861 4873 4887 4881 4886 4879 4883 4871 4876 4879 4894 4897 4905 4916 4927 4940 4954 4972 5000 5023 5053 5080 5079 5076 5087 5092 5110 5126 5139 5149 5162 5176 5190 5197 5198 5200 5205
5450 5430 5415 5413 5410 5413 5409 5402 5406 5406 5400 5392 5384 5372 5357 5361 5357 5359 5358 5356 5345 5322 5294 5259 5223 5180 5130 5087 5039 5004 4970 4941 4903 4849 4809 4809 4810 4810 4812 4816 4818 4817 4822 4825 4849 4873 4881 4882 4907 4920 4917 4916 4915 4900 4894 4899 4909 4912 4929 4935 4949 4952 4971 4982 5005 5030 5058 5084 5103 5109 5107 5113 5116 5116 5127 5143 5148 5151 5160 5170 5182 5182 5186 5191
5473 5462 5462 5467 5464 5463 5463 5454 5447 5446 5443 5433 5416 5407 5386 5380 5379 5371 5362 5355 5342 5322 5297 5255 5211 5162 5128 5070 5032 4997 4964 4922 4887 4834 4806 4813 4810 4813 4814 4819 4821 4823 4831 4829 4836 4845 4862 4888 4894 4904 4911 4914 4914 4920 4920 4926 4940 4952 4968 4981 4979 4995 5004 5019 5034 5063 5089 5106 5124 5138 5137 5139 5136 5132 5131 5142 5145 5144 5145 5145 5158 5165 5171 5174
5486 5498 5502 5507 5515 5514 5497 5504 5491 5484 5478 5463 5442 5424 5407 5394 5379 5365 5358 5347 5340 5320 5286 5257 5208 5169 5116 5054 5038 5013 4966 4922 4892 4826 4809 4817 4813 4819 4816 4817 4821 4823 4826 4833 4837 4836 4841 4851 4873 4885 4897 4904 4913 4929 4935 4939 4967 4973 4985 4984 5000 5024 5032 5050 5065 5092 5107 5123 5140 5143 5144 5156 5149 5140 5138 5138 5137 5134 5132 5132 5139 5145 5154 5161
5475 5489 5505 5530 5551 5550 5548 5544 5535 5518 5496 5472 5450 5430 5412 5393 5373 5355 5333 5322 5315 5307 5287 5271 5233 5180 5114 5064 5038 5030 4987 4933 4896 4838 4814 4815 4814 4818 4819 4820 4823 4828 4828 4833 4835 4838 4835 4844 4847 4855 4878 4885 4901 4917 4935 4946 4961 4976 4984 4993 5014 5034 5055 5068 5081 5099 5108 5121 5133 5127 5135 5136 5141 5136 5132 5129 5122 5117 5115 5115 5118 5124 5135 5143
5440 5472 5490 5515 5536 5544 5551 5544 5530 5514 5491 5469 5443 5418 5396 5372 5349 5327 5303 5285 5282 5284 5281 5264 5213 5161 5114 5083 5047 5025 4988 4935 4895 4838 4815 4816 4820 4821 4821 4820 4827 4831 4832 4833 4831 4838 4844 4844 4846 4847 4856 4859 4873 4899 4922 4944 4955 4967 4976 4992 5006 5025 5045 5064 5074 5091 5096 5106 5115 5112 5111 5114 5111 5110 5106 5105 5102 5102 5096 5095 5102 5107 5118 5133
