SRTM/N28E086.dat
ncols        150
nrows        50
xllcorner    86.874583333333
yllcorner    28.000416666667
cellsize     0.000833333333
NODATA_value -32768
[rows 0 to 37 of 50, columns 0 to 83 of 150]
6000 6000 6000 6000 5920 5836 5746 5700 5696 5696 5682 5683 5682 5681 5683 5681 5674 5668 5675 5683 5740 5802 5857 5912 5950 5990 6036 6060 6080 6090 6102 6109 6130 6160 6197 6233 6297 6337 6476 6496 6414 6358 6320 6318 6320 6321 6321 6310 6306 6296 6282 6269 6271 6275 6280 6303 6331 6351 6367 6376 6382 6403 6427 6502 6536 6579 6631 6696 6752 6783 6796 6756 6710 6639 6576 6519 6440 6386 6359 6351 6318 6313 6273 6243
6000 6000 5962 5906 5854 5798 5741 5708 5709 5706 5693 5691 5691 5685 5687 5691 5690 5680 5673 5687 5755 5824 5881 5933 5982 6011 6018 6032 6032 6032 6034 6058 6090 6114 6141 6186 6257 6332 6456 6498 6424 6354 6321 6327 6328 6333 6330 6333 6327 6310 6289 6280 6282 6288 6296 6309 6325 6359 6371 6379 6390 6399 6412 6426 6452 6514 6600 6658 6746 6780 6802 6785 6742 6682 6636 6569 6509 6438 6408 6374 6335 6323 6282 6264
6000 5972 5922 5870 5812 5772 5734 5711 5716 5710 5700 5696 5696 5687 5687 5692 5692 5690 5687 5696 5762 5835 5885 5952 5980 5984 5998 6002 6000 5987 5995 6022 6052 6078 6121 6146 6347 6343 6490 6514 6446 6375 6339 6332 6337 6343 6347 6344 6337 6322 6305 6297 6295 6302 6315 6327 6334 6355 6374 6385 6392 6406 6410 6445 6464 6515 6580 6656 6751 6782 6806 6811 6795 6741 6684 6631 6558 6490 6447 6415 6359 6336 6297 6279
5966 5910 5828 5788 5770 5742 5726 5719 5723 5715 5704 5702 5700 5697 5692 5699 5705 5693 5693 5716 5775 5843 5904 5930 5943 5940 5948 5942 5957 5982 6010 6030 6071 6086 6103 6151 6192 6332 6496 6508 6489 6413 6358 6341 6345 6357 6355 6354 6354 6352 6364 6331 6316 6323 6332 6341 6348 6362 6375 6394 6407 6421 6464 6515 6546 6568 6607 6699 6743 6788 6817 6844 6832 6795 6732 6680 6604 6527 6484 6464 6411 6352 6311 6292
5924 5819 5777 5766 5755 5744 5725 5722 5721 5715 5710 5703 5702 5702 5706 5709 5709 5706 5704 5718 5778 5833 5884 5891 5896 5889 5896 5924 5955 5990 6021 6049 6085 6107 6124 6146 6198 6316 6462 6542 6534 6467 6382 6353 6353 6361 6373 6378 6385 6396 6405 6420 6429 6418 6405 6381 6377 6385 6406 6430 6462 6485 6521 6563 6589 6611 6639 6692 6751 6796 6829 6876 6867 6831 6782 6724 6638 6556 6506 6475 6432 6361 6321 6299
5856 5827 5806 5767 5754 5734 5726 5726 5721 5714 5711 5707 5704 5704 5707 5707 5709 5704 5708 5723 5774 5818 5839 5861 5865 5867 5873 5899 5942 6005 6050 6081 6084 6125 6165 6240 6312 6388 6500 6613 6617 6521 6469 6407 6377 6384 6402 6415 6412 6414 6427 6442 6465 6468 6451 6440 6439 6448 6460 6518 6536 6567 6589 6611 6620 6647 6683 6723 6767 6811 6851 6891 6908 6858 6826 6774 6680 6577 6528 6471 6420 6372 6333 6304
5867 5839 5813 5776 5742 5728 5723 5719 5716 5718 5713 5712 5708 5705 5705 5715 5714 5702 5709 5715 5748 5792 5813 5821 5835 5852 5861 5888 5962 6011 6050 6124 6155 6188 6254 6318 6380 6472 6572 6646 6681 6616 6568 6483 6432 6418 6427 6433 6435 6441 6469 6483 6500 6501 6496 6490 6494 6508 6548 6573 6612 6621 6660 6666 6684 6695 6734 6763 6792 6837 6866 6900 6932 6920 6860 6804 6718 6624 6537 6461 6415 6366 6332 6314
5876 5860 5818 5777 5736 5722 5719 5721 5720 5718 5713 5711 5712 5713 5710 5712 5722 5712 5712 5721 5733 5762 5789 5805 5823 5842 5863 5894 5939 6008 6070 6167 6208 6268 6324 6382 6466 6568 6670 6772 6730 6683 6647 6568 6517 6460 6457 6445 6462 6487 6517 6537 6553 6564 6574 6559 6568 6580 6614 6643 6654 6709 6734 6755 6780 6779 6801 6817 6841 6861 6898 6936 6945 6964 6890 6810 6718 6620 6543 6492 6418 6361 6327 6320
5884 5861 5831 5793 5731 5721 5731 5718 5722 5720 5716 5715 5712 5708 5711 5719 5718 5721 5729 5721 5732 5750 5788 5817 5839 5875 5932 6001 6062 6126 6192 6242 6290 6338 6384 6490 6608 6692 6774 6846 6805 6845 6732 6642 6596 6538 6524 6510 6521 6542 6573 6602 6634 6655 6645 6642 6631 6654 6673 6717 6757 6773 6796 6809 6823 6842 6848 6869 6887 6902 6929 6966 6983 6976 6898 6810 6716 6616 6549 6488 6430 6362 6338 6326
5897 5880 5854 5808 5768 5731 5728 5715 5723 5723 5725 5723 5721 5719 5716 5724 5733 5722 5727 5741 5748 5776 5830 5854 5901 5971 6007 6086 6160 6232 6300 6374 6436 6506 6572 6644 6724 6802 6866 6902 6901 6911 6831 6739 6658 6623 6583 6592 6597 6621 6660 6684 6709 6725 6726 6720 6736 6764 6785 6797 6825 6829 6845 6856 6871 6878 6892 6905 6931 6951 6969 6997 7011 6968 6872 6782 6692 6600 6540 6480 6429 6358 6343 6339
5907 5897 5857 5827 5789 5747 5725 5725 5731 5722 5727 5723 5723 5726 5729 5734 5729 5727 5734 5738 5761 5813 5875 5935 5950 6028 6069 6222 6288 6354 6422 6496 6566 6640 6712 6788 6838 6888 6936 6960 6960 6938 6894 6829 6769 6717 6718 6695 6684 6697 6723 6750 6768 6783 6801 6797 6805 6820 6849 6854 6871 6876 6891 6899 6917 6933 6948 6963 6988 7004 7027 7038 7000 6916 6824 6750 6662 6575 6506 6464 6381 6358 6358 6349
5917 5896 5872 5841 5804 5756 5735 5730 5732 5731 5738 5736 5732 5735 5743 5745 5748 5731 5730 5739 5755 5793 5850 5911 5966 6008 6049 6106 6154 6204 6308 6416 6524 6624 6696 6770 6842 6920 6978 7010 6987 6971 6932 6887 6839 6747 6762 6766 6743 6776 6801 6810 6817 6819 6833 6844 6864 6871 6891 6903 6909 6922 6938 6950 6957 6977 7003 7012 7036 7049 7063 7034 6932 6874 6747 6715 6620 6557 6503 6450 6377 6370 6366 6365
5914 5899 5884 5850 5814 5775 5751 5740 5737 5741 5741 5739 5741 5743 5743 5756 5764 5746 5745 5755 5773 5787 5834 5896 5921 5963 5985 5996 6074 6166 6272 6392 6494 6600 6668 6740 6812 6898 6978 7044 7042 7012 6972 6944 6919 6908 6874 6856 6836 6848 6852 6855 6851 6859 6877 6896 6909 6926 6945 6950 6959 6975 6979 7022 7052 7032 7054 7074 7092 7062 7025 6927 6852 6794 6675 6630 6587 6532 6475 6409 6390 6380 6378 6378
5908 5895 5879 5846 5810 5782 5769 5758 5748 5751 5748 5740 5747 5752 5761 5766 5770 5770 5771 5771 5787 5822 5861 5892 5918 5937 5958 5980 6016 6148 6252 6370 6462 6554 6638 6722 6804 6890 6974 7062 7088 7063 7031 7019 6973 6964 6950 6934 6918 6923 6904 6893 6885 6900 6916 6934 6957 6973 6993 7019 7021 7034 7059 7070 7081 7090 7086 7074 7036 7009 6924 6846 6774 6727 6625 6592 6553 6486 6416 6401 6388 6391 6396 6386
5890 5884 5861 5839 5809 5790 5779 5765 5763 5759 5753 5755 5757 5759 5766 5773 5778 5778 5780 5778 5796 5825 5853 5894 5916 5943 5963 5977 6006 6136 6242 6346 6442 6540 6632 6724 6814 6908 7000 7092 7186 7148 7107 7091 7072 7054 7032 7014 7000 6987 6960 6942 6940 6944 6948 6969 6990 7017 7041 7097 7108 7124 7119 7132 7137 7112 7058 7015 6971 6870 6807 6758 6707 6662 6626 6573 6500 6452 6411 6402 6406 6403 6403 6394
5880 5871 5856 5835 5814 5802 5788 5781 5772 5765 5757 5765 5765 5772 5779 5781 5785 5785 5784 5783 5788 5819 5861 5876 5916 5950 5973 5981 6015 6140 6228 6314 6394 6514 6628 6742 6846 6952 7052 7154 7250 7221 7183 7176 7156 7138 7118 7100 7080 7051 7030 7032 7026 7020 7009 7035 7053 7087 7111 7138 7158 7160 7161 7123 7085 7051 7028 6966 6890 6803 6729 6674 6629 6603 6564 6496 6450 6426 6412 6413 6410 6407 6410 6403
5879 5868 5849 5830 5819 5802 5797 5789 5778 5772 5766 5767 5770 5776 5790 5784 5791 5793 5787 5785 5801 5816 5854 5879 5921 5947 5971 5990 6013 6154 6242 6330 6416 6526 6626 6720 6814 6968 7084 7194 7324 7323 7269 7270 7258 7248 7238 7214 7194 7170 7152 7142 7132 7122 7112 7098 7120 7134 7164 7175 7142 7099 7060 7049 7027 7005 6953 6904 6744 6702 6652 6605 6569 6536 6510 6469 6458 6437 6423 6423 6414 6416 6414 6408
5901 5882 5859 5837 5819 5806 5793 5786 5782 5779 5767 5777 5788 5788 5787 5795 5797 5800 5796 5792 5795 5836 5870 5877 5925 5930 5959 5991 6104 6214 6290 6368 6472 6604 6680 6760 6852 6970 7070 7168 7340 7381 7329 7340 7330 7320 7304 7286 7272 7258 7242 7236 7228 7218 7208 7161 7173 7183 7148 7102 7068 7024 6983 6962 6907 6913 6876 6816 6737 6623 6608 6538 6515 6508 6489 6480 6476 6467 6441 6430 6428 6422 6422 6413
5990 5958 5929 5904 5835 5804 5790 5791 5796 5786 5786 5800 5801 5795 5801 5805 5804 5803 5801 5799 5804 5845 5872 5911 5940 5956 6007 6034 6172 6258 6328 6406 6542 6656 6746 6846 6942 7028 7090 7150 7250 7460 7436 7429 7401 7392 7363 7356 7338 7320 7310 7298 7292 7286 7258 7223 7185 7099 7064 7027 6980 6930 6906 6884 6863 6825 6794 6745 6691 6585 6530 6526 6510 6493 6489 6487 6485 6479 6470 6448 6442 6436 6435 6432
6060 6046 5991 5960 5897 5839 5807 5794 5787 5797 5799 5808 5813 5818 5807 5813 5808 5815 5811 5811 5820 5843 5909 5974 6019 6047 6123 6220 6266 6324 6378 6500 6638 6766 6856 6938 7010 7070 7128 7184 7254 7322 7396 7479 7456 7438 7454 7440 7420 7400 7386 7372 7305 7257 7204 7167 7121 7086 7001 6956 6883 6861 6811 6795 6791 6771 6721 6689 6607 6550 6546 6530 6507 6497 6495 6492 6487 6475 6475 6462 6450 6451 6448 6439
6148 6154 6094 6030 5954 5865 5839 5804 5810 5813 5812 5812 5815 5821 5825 5832 5824 5821 5822 5823 5837 5860 5890 5944 5997 6053 6115 6174 6235 6386 6506 6638 6760 6842 6900 6960 7014 7062 7106 7152 7200 7240 7282 7324 7366 7406 7454 7496 7516 7486 7444 7400 7318 7203 7148 7105 7043 7009 6936 6878 6826 6756 6732 6719 6715 6711 6686 6644 6574 6559 6548 6534 6521 6500 6494 6493 6488 6476 6468 6460 6464 6453 6459 6440
6200 6200 6150 6068 5986 5888 5861 5836 5820 5826 5824 5823 5832 5841 5834 5824 5830 5835 5842 5847 5855 5861 5876 5907 5942 5998 6059 6122 6188 6246 6480 6664 6804 6848 6890 6934 6974 7018 7056 7094 7126 7140 7158 7178 7218 7272 7328 7382 7430 7480 7436 7364 7298 7218 7152 7082 6998 6950 6905 6823 6710 6692 6682 6681 6680 6664 6652 6605 6574 6571 6559 6550 6526 6510 6505 6496 6489 6481 6472 6465 6459 6457 6450 6448
6200 6200 6162 6068 5943 5910 5877 5846 5834 5830 5836 5833 5834 5842 5840 5831 5841 5843 5842 5851 5869 5876 5883 5890 5908 5934 5998 6081 6157 6216 6380 6608 6760 6828 6866 6906 6944 6984 7014 7040 7058 7064 7068 7094 7158 7208 7236 7264 7320 7396 7392 7334 7278 7214 7146 7074 6998 6938 6868 6767 6701 6677 6663 6655 6652 6646 6630 6604 6585 6585 6576 6565 6545 6520 6511 6504 6506 6483 6465 6462 6460 6455 6452 6449
6200 6200 6166 6066 5951 5921 5895 5871 5842 5837 5846 5848 5849 5846 5847 5841 5850 5842 5851 5862 5871 5882 5887 5890 5901 5920 5946 6002 6095 6151 6196 6440 6526 6634 6800 6834 6868 6904 6938 6974 6996 6990 6986 6996 7040 7084 7128 7172 7236 7318 7352 7302 7254 7204 7138 7068 7000 6922 6848 6739 6693 6671 6655 6641 6643 6635 6623 6608 6597 6591 6581 6571 6559 6535 6517 6515 6504 6483 6471 6454 6450 6452 6453 6445
6200 6200 6164 6058 5965 5937 5921 5891 5859 5848 5850 5855 5858 5854 5853 5845 5844 5849 5851 5861 5871 5882 5887 5892 5893 5907 5930 5956 6023 6090 6145 6300 6394 6546 6654 6744 6804 6822 6842 6872 6892 6894 6898 6910 6940 6954 7026 7126 7224 7290 7320 7286 7244 7198 7132 7062 7000 6920 6842 6745 6699 6659 6647 6642 6634 6631 6622 6616 6603 6602 6594 6579 6566 6544 6528 6529 6517 6504 6487 6458 6454 6449 6447 6442
6200 6200 6158 6070 5980 5963 5942 5924 5890 5860 5862 5862 5861 5862 5854 5852 5850 5857 5857 5859 5869 5881 5891 5896 5901 5909 5914 5931 5971 6037 6112 6158 6220 6472 6548 6644 6768 6768 6748 6774 6800 6804 6812 6824 6852 6836 6920 7060 7214 7256 7280 7260 7230 7194 7130 7062 7006 6926 6846 6762 6716 6670 6645 6637 6633 6629 6622 6617 6616 6612 6602 6588 6577 6555 6549 6538 6535 6528 6514 6495 6461 6457 6451 6453
6200 6200 6182 6090 5999 5978 5969 5930 5896 5876 5865 5864 5866 5870 5865 5863 5854 5859 5860 5859 5875 5880 5893 5902 5904 5911 5912 5920 5944 5979 6074 6128 6173 6342 6430 6530 6626 6648 6652 6668 6686 6704 6722 6738 6756 6742 6808 6990 7170 7170 7228 7228 7186 7152 7124 7064 7016 6942 6860 6760 6731 6696 6647 6636 6631 6630 6626 6628 6622 6614 6605 6594 6577 6564 6549 6546 6555 6550 6537 6526 6514 6503 6502 6495
6200 6200 6176 6104 6011 5987 5969 5946 5899 5876 5872 5870 5874 5874 5872 5866 5863 5868 5861 5866 5874 5881 5893 5904 5907 5916 5915 5924 5944 5981 6010 6081 6144 6260 6324 6392 6426 6460 6490 6520 6554 6584 6606 6626 6646 6650 6750 6848 6930 7022 7204 7200 7084 7030 7098 7070 7026 6970 6888 6800 6751 6703 6650 6644 6637 6639 6631 6631 6629 6627 6611 6605 6590 6573 6564 6564 6568 6563 6554 6550 6546 6541 6541 6535
6200 6200 6146 6090 6014 5989 5970 5948 5907 5882 5878 5879 5877 5875 5877 5873 5874 5874 5869 5866 5881 5892 5907 5911 5921 5924 5919 5926 5949 5976 6004 6026 6071 6214 6304 6400 6418 6436 6454 6474 6492 6510 6530 6548 6568 6586 6620 6686 6756 6824 6894 6914 6890 6904 6976 7020 7038 7014 6958 6860 6784 6731 6682 6664 6654 6637 6639 6640 6633 6628 6619 6616 6602 6593 6584 6579 6576 6571 6574 6576 6585 6595 6603 6603
6200 6154 6100 6020 5995 5980 5967 5941 5915 5890 5886 5883 5881 5881 5880 5883 5882 5886 5883 5884 5898 5912 5925 5930 5930 5931 5931 5936 5959 5986 5998 6006 6017 6092 6214 6242 6268 6296 6322 6350 6376 6400 6434 6466 6500 6532 6566 6598 6630 6662 6696 6728 6762 6796 6854 6918 6980 7028 7016 6942 6843 6772 6721 6691 6677 6663 6658 6647 6634 6636 6632 6625 6614 6608 6599 6598 6604 6603 6607 6607 6617 6624 6643 6664
6152 6104 6010 6000 5984 5977 5955 5939 5915 5904 5896 5893 5890 5883 5888 5886 5889 5890 5898 5905 5913 5929 5943 5945 5944 5945 5942 5949 5957 5980 5998 6009 6013 6037 6196 6220 6242 6264 6286 6308 6330 6352 6374 6396 6420 6444 6470 6494 6520 6544 6568 6592 6652 6728 6800 6864 6924 6990 7004 6961 6898 6829 6792 6740 6721 6695 6681 6648 6652 6645 6639 6641 6634 6630 6626 6621 6630 6640 6631 6639 6649 6662 6694 6719
6112 6014 5998 5983 5979 5964 5945 5935 5920 5914 5906 5900 5896 5893 5891 5891 5893 5894 5902 5913 5936 5949 5959 5964 5964 5967 5967 5968 5977 5986 5996 5999 6023 6045 6080 6194 6216 6240 6262 6286 6310 6332 6356 6378 6402 6426 6450 6474 6500 6524 6550 6574 6598 6654 6710 6770 6836 6916 7003 7016 6965 6925 6882 6831 6792 6754 6737 6692 6682 6727 6673 6656 6660 6661 6666 6664 6666 6666 6670 6684 6712 6726 6776 6790
6007 5998 5990 5986 5975 5959 5943 5933 5925 5922 5914 5907 5905 5900 5895 5896 5896 5900 5912 5922 5943 5959 5968 5975 5983 5993 5996 6004 6000 6007 6017 6027 6034 6060 6118 6166 6188 6194 6216 6242 6270 6296 6324 6350 6376 6412 6440 6466 6494 6520 6548 6574 6602 6644 6686 6730 6770 6834 6930 7014 7027 7016 6959 6921 6890 6870 6799 6786 6760 6762 6722 6702 6708 6749 6752 6756 6753 6747 6745 6757 6780 6803 6834 6870
6000 6000 5989 5976 5966 5954 5938 5934 5927 5927 5918 5917 5912 5908 5908 5901 5911 5917 5927 5933 5940 5965 5981 5989 6004 6008 6014 6020 6028 6035 6048 6056 6080 6082 6098 6148 6170 6174 6185 6196 6224 6252 6282 6312 6342 6388 6426 6458 6492 6524 6556 6588 6624 6664 6700 6738 6776 6832 6910 6990 7052 7092 7058 7011 6979 6952 6893 6865 6850 6830 6801 6795 6787 6794 6811 6817 6850 6830 6825 6824 6861 6885 6922 6943
6004 5995 5985 5971 5961 5948 5940 5934 5933 5931 5925 5921 5921 5914 5920 5927 5927 5948 5958 5956 5965 5972 5991 6008 6016 6026 6030 6031 6028 6048 6055 6076 6095 6107 6111 6119 6143 6143 6157 6171 6192 6214 6246 6276 6306 6350 6390 6420 6468 6512 6560 6602 6640 6680 6718 6758 6796 6852 6924 6994 7063 7109 7132 7113 7094 7040 7002 6964 6948 6930 6880 6894 6862 6864 6878 6891 6913 6911 6948 6917 6942 6974 7021 7029
6005 5998 5988 5976 5960 5949 5948 5940 5938 5933 5934 5929 5933 5925 5939 5949 6074 6033 5999 5979 5987 5996 6005 6019 6027 6030 6032 6044 6050 6060 6074 6089 6102 6112 6125 6133 6137 6140 6135 6154 6167 6186 6216 6242 6268 6312 6354 6378 6410 6474 6544 6606 6652 6700 6744 6792 6823 6891 6938 7021 7079 7148 7182 7185 7152 7139 7108 7076 7042 7012 7000 7000 7000 6990 6956 6967 6971 7008 7042 7026 7032 7076 7068 7095
6007 5999 5990 5980 5967 5962 5948 5953 5948 5950 5940 5938 5945 5958 6070 6114 6156 6073 6026 6005 6001 6011 6014 6014 6044 6043 6045 6051 6050 6060 6074 6085 6107 6109 6122 6126 6130 6136 6135 6150 6155 6175 6191 6219 6235 6262 6322 6354 6386 6444 6524 6600 6664 6734 6800 6844 6884 6924 7009 7049 7119 7177 7228 7257 7221 7240 7194 7149 7129 7104 7082 7088 7094 7082 7064 7038 7056 7063 7128 7120 7113 7144 7119 7226
5998 5999 5993 5991 5975 5969 5969 5973 5965 5962 5962 6006 6050 6096 6142 6188 6214 6145 6069 6026 6010 6017 6029 6035 6033 6038 6055 6055 6061 6066 6078 6087 6099 6107 6115 6120 6125 6127 6137 6153 6164 6178 6182 6202 6224 6249 6293 6336 6382 6446 6522 6596 6676 6760 6828 6888 6944 7001 7040 7103 7155 7208 7257 7308 7284 7314 7288 7242 7200 7178 7164 7176 7190 7180 7164 7154 7126 7208 7210 7220 7238 7257 7274 7291
