SRTM/S49W073.dat
ncols        150
nrows        100
xllcorner    -72.125416666667
yllcorner    -48.082916666667
cellsize     0.000833333333
NODATA_value -32768
[rows 38 to 75 of 100, columns 0 to 84 of 150]
1701 1674 1647 1618 1594 1572 1555 1536 1519 1501 1492 1474 1452 1436 1413 1390 1376 1364 1352 1345 1339 1336 1340 1345 1350 1346 1334 1317 1295 1272 1249 1231 1217 1204 1199 1194 1184 1174 1168 1161 1150 1138 1132 1125 1108 1084 1080 1093 1111 1139 1161 1181 1192 1203 1219 1241 1267 1295 1328 1364 1385 1387 1390 1393 1393 1391 1389 1385 1381 1378 1378 1376 1374 1374 1374 1372 1370 1368 1366 1364 1363 1360 1356 1353 1350
1701 1671 1645 1620 1597 1573 1556 1540 1527 1512 1505 1490 1467 1449 1424 1396 1374 1360 1346 1336 1331 1328 1329 1341 1349 1345 1332 1316 1293 1270 1250 1228 1213 1200 1195 1192 1181 1171 1164 1153 1141 1135 1128 1120 1113 1089 1069 1076 1108 1141 1169 1191 1193 1204 1224 1246 1271 1301 1335 1370 1386 1385 1387 1392 1389 1385 1382 1379 1370 1363 1361 1364 1366 1369 1368 1370 1370 1369 1368 1366 1365 1363 1360 1357 1355
1700 1670 1645 1622 1599 1580 1557 1542 1529 1519 1517 1502 1481 1459 1435 1407 1381 1360 1344 1333 1326 1318 1316 1325 1334 1338 1331 1313 1290 1269 1248 1228 1212 1198 1190 1184 1175 1167 1152 1140 1131 1126 1120 1112 1105 1087 1068 1078 1113 1144 1171 1191 1190 1201 1219 1243 1266 1295 1327 1361 1376 1376 1377 1380 1376 1368 1362 1360 1350 1336 1331 1335 1347 1358 1354 1359 1365 1366 1366 1365 1363 1361 1360 1358 1357
1692 1663 1641 1620 1595 1571 1548 1533 1522 1518 1520 1512 1489 1465 1440 1412 1387 1364 1345 1331 1321 1311 1305 1312 1322 1328 1325 1310 1288 1267 1248 1229 1211 1196 1186 1175 1167 1156 1142 1131 1124 1116 1109 1109 1102 1079 1063 1078 1111 1144 1171 1188 1183 1193 1208 1233 1254 1280 1308 1342 1361 1359 1353 1349 1349 1342 1334 1333 1325 1311 1302 1306 1321 1334 1331 1338 1349 1358 1359 1359 1358 1356 1355 1353 1352
1687 1658 1629 1608 1583 1557 1535 1520 1511 1507 1509 1503 1487 1466 1439 1407 1384 1361 1342 1328 1320 1310 1300 1300 1306 1313 1313 1303 1283 1265 1245 1226 1209 1193 1183 1171 1162 1150 1137 1127 1118 1110 1099 1094 1091 1076 1060 1080 1119 1148 1176 1184 1175 1184 1198 1218 1236 1248 1270 1299 1330 1339 1328 1315 1313 1310 1304 1308 1302 1291 1280 1279 1289 1303 1308 1318 1335 1349 1353 1352 1350 1345 1343 1340 1340
1679 1650 1620 1596 1568 1546 1528 1512 1501 1494 1494 1490 1476 1454 1426 1400 1377 1356 1340 1326 1318 1309 1293 1280 1281 1289 1293 1288 1276 1258 1239 1220 1202 1185 1172 1162 1151 1141 1131 1122 1114 1105 1096 1081 1067 1057 1058 1085 1121 1148 1176 1176 1161 1167 1184 1201 1209 1212 1226 1252 1288 1315 1307 1287 1275 1275 1278 1285 1281 1272 1260 1252 1261 1273 1290 1314 1332 1347 1354 1352 1347 1342 1336 1331 1326
1668 1639 1611 1586 1562 1539 1521 1506 1495 1484 1477 1468 1453 1428 1403 1385 1367 1350 1335 1323 1314 1303 1292 1275 1261 1265 1271 1272 1264 1249 1231 1211 1193 1178 1164 1152 1147 1136 1124 1117 1105 1091 1079 1067 1053 1046 1065 1095 1126 1151 1167 1163 1149 1150 1167 1180 1184 1181 1194 1217 1250 1283 1286 1266 1247 1244 1253 1260 1255 1243 1231 1228 1242 1262 1287 1309 1326 1340 1351 1355 1355 1351 1346 1343 1336
1665 1642 1616 1592 1567 1549 1535 1520 1505 1495 1485 1465 1444 1416 1390 1371 1355 1343 1330 1318 1307 1296 1284 1272 1254 1244 1243 1243 1242 1236 1221 1204 1186 1171 1158 1145 1138 1131 1125 1119 1113 1098 1080 1065 1048 1045 1067 1100 1130 1149 1157 1147 1133 1131 1146 1158 1163 1157 1161 1180 1205 1236 1259 1253 1229 1218 1227 1229 1215 1203 1204 1225 1246 1263 1280 1294 1307 1321 1338 1350 1349 1344 1342 1341 1335
1685 1657 1632 1606 1582 1568 1552 1537 1524 1512 1502 1483 1460 1432 1403 1381 1362 1347 1334 1323 1312 1302 1287 1266 1249 1236 1221 1213 1210 1209 1201 1186 1173 1162 1152 1144 1136 1131 1127 1120 1113 1099 1084 1068 1050 1044 1061 1088 1120 1140 1158 1142 1121 1115 1126 1135 1142 1138 1134 1145 1163 1188 1221 1238 1221 1198 1195 1192 1177 1176 1201 1229 1246 1256 1264 1273 1283 1297 1315 1329 1326 1319 1314 1311 1310
1703 1672 1646 1623 1605 1588 1568 1551 1537 1524 1507 1486 1466 1443 1415 1389 1368 1353 1339 1328 1318 1309 1297 1284 1275 1261 1237 1220 1203 1190 1180 1168 1156 1144 1134 1126 1119 1115 1114 1112 1106 1099 1090 1073 1056 1040 1044 1065 1097 1130 1153 1140 1113 1099 1103 1112 1118 1117 1112 1116 1131 1153 1181 1205 1208 1188 1164 1155 1148 1168 1202 1228 1237 1241 1248 1254 1261 1272 1288 1298 1295 1289 1281 1271 1269
1708 1682 1657 1639 1618 1597 1576 1559 1545 1527 1506 1487 1471 1457 1428 1399 1375 1359 1347 1336 1325 1318 1314 1311 1300 1283 1261 1245 1231 1212 1196 1181 1167 1154 1145 1131 1120 1105 1095 1091 1087 1084 1080 1069 1060 1044 1034 1047 1080 1116 1142 1134 1112 1093 1086 1091 1096 1094 1091 1092 1102 1118 1138 1165 1182 1170 1143 1127 1140 1172 1202 1217 1223 1222 1228 1235 1240 1249 1260 1266 1260 1255 1248 1236 1232
1694 1675 1654 1632 1611 1588 1568 1553 1541 1521 1498 1480 1465 1452 1429 1404 1383 1367 1354 1344 1338 1334 1329 1321 1312 1298 1280 1261 1244 1224 1206 1189 1175 1162 1149 1139 1129 1121 1105 1094 1088 1078 1070 1059 1047 1039 1030 1038 1069 1102 1130 1126 1106 1086 1071 1070 1074 1075 1075 1073 1079 1090 1103 1120 1139 1135 1112 1110 1138 1173 1197 1205 1205 1206 1210 1216 1219 1225 1233 1238 1234 1226 1222 1213 1198
1690 1670 1652 1632 1610 1586 1561 1542 1527 1513 1493 1473 1455 1437 1419 1399 1385 1372 1362 1355 1349 1344 1339 1331 1318 1300 1282 1266 1249 1227 1208 1193 1181 1165 1151 1140 1128 1117 1112 1106 1101 1096 1089 1079 1061 1038 1027 1031 1061 1090 1114 1118 1102 1083 1062 1055 1057 1060 1061 1063 1062 1067 1073 1083 1095 1099 1087 1102 1136 1169 1188 1191 1186 1183 1187 1193 1197 1201 1207 1213 1213 1208 1204 1198 1181
1686 1666 1646 1629 1611 1589 1565 1546 1531 1517 1504 1489 1468 1444 1422 1404 1390 1379 1370 1363 1356 1350 1348 1337 1321 1308 1290 1270 1250 1226 1206 1190 1177 1163 1148 1140 1126 1116 1108 1101 1094 1088 1082 1077 1064 1043 1026 1027 1055 1077 1092 1100 1098 1083 1063 1048 1045 1047 1050 1051 1048 1048 1048 1049 1057 1067 1067 1084 1113 1139 1152 1159 1156 1154 1167 1173 1171 1172 1178 1185 1190 1189 1185 1181 1171
1688 1668 1653 1635 1619 1600 1580 1561 1547 1536 1523 1502 1480 1456 1431 1411 1396 1385 1377 1368 1363 1358 1352 1340 1326 1310 1292 1266 1242 1223 1202 1187 1173 1161 1148 1136 1125 1115 1107 1103 1099 1092 1088 1081 1072 1059 1034 1021 1036 1059 1069 1076 1077 1071 1058 1042 1035 1037 1038 1036 1035 1034 1032 1031 1035 1042 1047 1059 1082 1096 1103 1109 1115 1122 1144 1151 1148 1146 1153 1160 1164 1168 1165 1157 1151
1703 1693 1679 1657 1638 1616 1595 1579 1564 1553 1537 1512 1491 1470 1443 1418 1404 1392 1382 1375 1369 1364 1356 1346 1329 1313 1295 1272 1247 1228 1209 1191 1177 1163 1149 1136 1126 1116 1108 1100 1097 1093 1088 1082 1078 1076 1058 1032 1024 1033 1044 1050 1056 1057 1050 1033 1026 1027 1026 1024 1023 1021 1022 1025 1028 1030 1032 1035 1042 1052 1058 1064 1073 1088 1118 1128 1126 1125 1134 1145 1146 1147 1144 1135 1126
1720 1720 1709 1681 1653 1631 1609 1591 1578 1564 1544 1517 1494 1473 1449 1426 1411 1396 1385 1379 1372 1367 1362 1348 1331 1315 1297 1273 1249 1229 1209 1191 1174 1162 1148 1137 1125 1117 1107 1098 1091 1085 1081 1079 1075 1073 1064 1053 1041 1029 1022 1023 1031 1040 1039 1027 1019 1018 1016 1015 1015 1015 1016 1017 1019 1021 1020 1020 1019 1022 1026 1032 1040 1056 1076 1096 1100 1105 1118 1127 1130 1127 1125 1118 1110
1728 1735 1721 1693 1664 1642 1622 1604 1587 1569 1549 1522 1493 1471 1449 1428 1414 1399 1390 1381 1374 1368 1359 1346 1327 1310 1292 1274 1251 1226 1207 1188 1171 1156 1145 1134 1124 1114 1106 1096 1089 1081 1074 1068 1065 1068 1067 1063 1061 1051 1038 1019 1012 1021 1029 1022 1013 1011 1010 1008 1008 1008 1008 1012 1013 1013 1013 1013 1010 1008 1010 1013 1016 1024 1037 1056 1074 1094 1103 1108 1110 1107 1102 1098 1094
1715 1740 1732 1708 1684 1656 1633 1613 1596 1575 1551 1524 1495 1474 1453 1433 1418 1404 1393 1384 1375 1370 1360 1345 1326 1311 1298 1282 1261 1237 1215 1195 1180 1163 1148 1136 1123 1112 1103 1094 1087 1081 1074 1069 1062 1057 1057 1056 1055 1050 1045 1038 1024 1009 1015 1012 1007 1006 1004 1003 1003 1003 1003 1005 1006 1005 1004 1004 1001 999 1001 1001 1001 1004 1013 1031 1057 1079 1090 1094 1093 1091 1086 1079 1077
1671 1703 1723 1714 1691 1666 1641 1615 1599 1583 1560 1535 1507 1484 1463 1441 1426 1411 1398 1389 1383 1379 1369 1351 1336 1323 1306 1288 1267 1247 1224 1203 1185 1167 1153 1137 1120 1109 1101 1093 1084 1076 1072 1067 1061 1056 1053 1046 1039 1036 1037 1038 1036 1025 1015 1004 1001 1000 999 999 998 999 999 1000 1001 998 996 996 996 995 997 994 993 994 997 1014 1038 1061 1079 1085 1086 1080 1075 1068 1061
1615 1657 1699 1713 1690 1663 1636 1615 1598 1583 1563 1543 1518 1496 1474 1455 1438 1422 1410 1402 1397 1388 1374 1357 1339 1320 1306 1290 1271 1248 1227 1207 1187 1171 1155 1138 1123 1116 1108 1096 1084 1077 1071 1067 1068 1067 1063 1055 1044 1033 1026 1024 1024 1026 1020 1007 998 994 994 994 994 996 995 995 995 994 991 989 991 991 991 988 986 986 991 1002 1024 1047 1069 1081 1086 1079 1067 1059 1049
1577 1622 1674 1701 1681 1652 1622 1603 1595 1581 1564 1544 1525 1508 1486 1462 1440 1425 1414 1406 1396 1381 1362 1343 1323 1304 1290 1275 1258 1241 1224 1210 1190 1171 1156 1142 1130 1122 1114 1102 1090 1082 1076 1072 1071 1069 1061 1053 1045 1037 1033 1027 1016 1014 1012 1003 997 993 991 990 990 991 990 989 989 988 987 982 980 981 984 983 984 985 991 1004 1020 1042 1067 1083 1084 1077 1063 1052 1043
1560 1614 1652 1681 1666 1639 1613 1593 1581 1572 1563 1545 1527 1508 1489 1465 1436 1418 1407 1397 1382 1368 1348 1328 1311 1296 1280 1262 1242 1224 1207 1194 1181 1163 1147 1133 1121 1111 1106 1098 1090 1085 1079 1074 1066 1060 1051 1042 1036 1033 1030 1026 1015 1005 1003 997 994 991 989 987 987 987 987 986 984 981 979 978 976 976 977 978 979 979 991 1001 1014 1039 1064 1080 1076 1065 1053 1042 1034
1531 1582 1607 1645 1645 1621 1599 1578 1566 1558 1553 1537 1519 1498 1480 1455 1430 1410 1396 1385 1373 1361 1354 1347 1337 1325 1306 1280 1258 1237 1216 1199 1184 1167 1149 1133 1117 1103 1092 1083 1079 1076 1071 1066 1058 1051 1045 1038 1032 1026 1020 1015 1007 997 992 990 988 986 985 985 984 984 983 983 983 988 990 986 980 976 975 975 976 978 992 1002 1016 1036 1059 1069 1058 1044 1033 1024 1014
1493 1527 1564 1609 1631 1605 1584 1567 1550 1538 1528 1515 1500 1483 1469 1453 1431 1408 1398 1395 1387 1382 1381 1377 1362 1341 1322 1295 1269 1245 1228 1208 1191 1171 1151 1132 1119 1107 1092 1079 1069 1064 1060 1056 1051 1047 1042 1036 1030 1025 1015 1003 995 990 987 987 986 989 988 986 987 988 991 1000 1016 1029 1033 1024 1012 996 982 975 975 981 996 1005 1014 1030 1050 1054 1042 1027 1016 1004 995
1458 1499 1542 1589 1622 1600 1573 1550 1531 1512 1504 1496 1485 1475 1465 1454 1438 1422 1418 1420 1418 1415 1405 1391 1374 1350 1325 1297 1268 1241 1219 1198 1177 1158 1141 1127 1113 1101 1089 1079 1070 1062 1054 1048 1043 1039 1038 1034 1026 1022 1012 999 991 988 986 987 995 1006 1011 1014 1016 1018 1028 1042 1057 1067 1059 1046 1033 1014 993 981 977 979 994 1005 1010 1021 1033 1036 1027 1014 1003 989 980
1436 1482 1532 1588 1622 1599 1569 1548 1526 1500 1490 1487 1484 1480 1477 1476 1460 1446 1441 1438 1437 1434 1419 1398 1377 1352 1326 1298 1266 1235 1209 1189 1169 1150 1130 1115 1102 1090 1078 1072 1068 1064 1056 1051 1044 1033 1028 1029 1022 1017 1007 994 990 988 987 991 1003 1014 1026 1035 1042 1049 1061 1080 1091 1083 1068 1052 1037 1021 1003 996 990 978 988 1003 1006 1009 1013 1014 1008 996 985 975 970
1427 1467 1524 1579 1617 1602 1575 1549 1523 1500 1492 1487 1485 1485 1485 1492 1482 1471 1468 1464 1455 1441 1419 1398 1377 1356 1329 1297 1264 1229 1197 1177 1160 1149 1136 1122 1110 1093 1074 1063 1054 1050 1049 1045 1036 1026 1017 1011 1005 1000 997 991 989 988 993 999 1009 1022 1032 1043 1055 1070 1087 1107 1105 1091 1076 1059 1043 1026 1015 1005 998 985 982 996 1000 1001 999 993 983 972 965 964 964
1414 1455 1516 1565 1610 1607 1578 1551 1524 1503 1496 1494 1496 1496 1502 1506 1499 1488 1480 1471 1458 1445 1423 1399 1378 1360 1335 1300 1265 1230 1195 1171 1157 1147 1135 1118 1104 1091 1078 1065 1052 1040 1031 1028 1022 1013 1006 999 994 993 991 990 992 1001 1011 1009 1021 1033 1042 1053 1068 1086 1106 1125 1120 1102 1086 1066 1047 1032 1021 1009 1000 989 977 978 985 988 985 976 967 965 964 966 964
1412 1455 1502 1552 1603 1606 1580 1552 1526 1509 1505 1502 1506 1509 1514 1511 1495 1482 1471 1464 1453 1439 1426 1403 1378 1358 1339 1306 1268 1233 1199 1175 1158 1142 1123 1103 1088 1073 1064 1060 1049 1036 1024 1015 1011 1004 997 995 993 992 993 996 1006 1025 1025 1016 1028 1041 1050 1063 1079 1101 1126 1149 1150 1133 1110 1085 1063 1047 1030 1016 1008 1000 993 982 975 973 972 968 967 966 970 976 979
1409 1451 1494 1549 1600 1601 1574 1553 1532 1516 1511 1516 1526 1528 1524 1510 1491 1474 1461 1452 1441 1430 1419 1400 1378 1356 1337 1309 1269 1235 1203 1174 1153 1137 1113 1090 1075 1058 1053 1050 1039 1028 1020 1010 1004 997 995 995 995 995 1001 1016 1034 1042 1032 1024 1038 1049 1059 1073 1092 1115 1141 1165 1165 1152 1136 1116 1094 1074 1054 1038 1027 1018 1013 1006 992 983 980 976 975 974 979 990 997
1390 1438 1492 1543 1591 1603 1576 1555 1545 1539 1538 1545 1548 1543 1533 1514 1492 1472 1457 1441 1428 1416 1406 1393 1373 1352 1331 1309 1273 1238 1203 1172 1144 1129 1106 1084 1071 1057 1049 1042 1033 1026 1018 1007 1000 997 996 996 997 1000 1015 1035 1052 1051 1038 1030 1041 1054 1069 1086 1107 1131 1160 1181 1178 1163 1147 1130 1114 1094 1079 1067 1055 1044 1030 1018 1009 1002 998 997 993 989 997 1008 1013
1370 1425 1483 1524 1567 1603 1592 1577 1572 1572 1580 1580 1578 1568 1551 1532 1510 1480 1453 1436 1421 1409 1399 1388 1372 1349 1328 1312 1270 1236 1202 1172 1141 1116 1094 1077 1069 1060 1050 1042 1033 1024 1012 1002 999 999 998 998 999 1012 1032 1048 1056 1055 1040 1035 1048 1063 1079 1099 1120 1146 1176 1199 1191 1172 1154 1137 1120 1106 1093 1084 1073 1062 1047 1038 1031 1027 1022 1019 1020 1026 1034 1037 1039
1354 1403 1454 1499 1543 1591 1604 1595 1611 1621 1622 1612 1600 1586 1570 1552 1526 1491 1464 1444 1427 1412 1403 1391 1372 1350 1328 1308 1265 1229 1198 1170 1142 1118 1097 1081 1069 1058 1046 1032 1023 1017 1007 1000 1000 999 998 998 1002 1018 1040 1052 1057 1057 1043 1043 1057 1070 1087 1108 1132 1161 1192 1213 1203 1184 1164 1147 1131 1117 1107 1098 1091 1084 1076 1072 1070 1067 1064 1064 1073 1078 1072 1068 1072
1348 1387 1433 1485 1531 1577 1609 1625 1646 1650 1639 1622 1607 1593 1581 1567 1544 1507 1478 1459 1438 1419 1406 1388 1368 1346 1321 1297 1258 1219 1189 1163 1135 1109 1090 1075 1062 1052 1041 1023 1011 1005 1003 1001 1000 1001 1001 1001 1006 1023 1045 1055 1059 1059 1048 1050 1062 1077 1095 1119 1143 1175 1210 1230 1222 1207 1192 1174 1157 1143 1135 1129 1122 1122 1119 1116 1123 1132 1128 1123 1118 1108 1099 1098 1104
1331 1370 1418 1471 1518 1565 1600 1627 1653 1659 1645 1626 1608 1593 1583 1574 1558 1530 1498 1472 1449 1427 1407 1383 1362 1339 1319 1294 1247 1208 1179 1151 1124 1099 1082 1069 1057 1048 1036 1020 1010 1004 1004 1003 1002 1002 1003 1002 1006 1026 1046 1053 1057 1060 1054 1057 1068 1084 1102 1125 1153 1187 1226 1245 1240 1232 1221 1203 1189 1184 1183 1176 1175 1178 1179 1167 1171 1178 1168 1154 1140 1127 1120 1121 1116
1318 1359 1401 1448 1496 1541 1577 1606 1633 1649 1640 1622 1605 1588 1578 1564 1545 1523 1500 1482 1462 1436 1410 1385 1358 1330 1310 1284 1240 1201 1170 1141 1117 1092 1075 1063 1053 1045 1035 1019 1007 1003 1004 1004 1004 1004 1002 1004 1009 1027 1048 1056 1062 1065 1062 1068 1076 1091 1107 1130 1160 1194 1232 1257 1261 1259 1253 1243 1238 1230 1228 1235 1237 1229 1221 1208 1202 1197 1187 1171 1152 1134 1121 1116 1110
1299 1341 1381 1429 1472 1512 1552 1584 1613 1634 1624 1608 1594 1574 1557 1540 1518 1504 1488 1477 1467 1440 1415 1384 1350 1325 1303 1272 1231 1193 1160 1135 1108 1086 1071 1059 1051 1039 1028 1014 1005 1005 1005 1005 1006 1005 1004 1005 1009 1027 1046 1058 1066 1073 1071 1075 1086 1100 1116 1136 1164 1198 1235 1267 1284 1296 1300 1297 1298 1301 1297 1291 1278 1263 1246 1231 1218 1208 1196 1178 1157 1135 1116 1102 1092
