SRTM/S49W073.dat
ncols        150
nrows        100
xllcorner    -72.125416666667
yllcorner    -48.082916666667
cellsize     0.000833333333
NODATA_value -32768
[rows 0 to 37 of 100, columns 0 to 84 of 150]
1745 1738 1732 1715 1697 1679 1661 1638 1626 1617 1612 1614 1606 1592 1584 1574 1562 1544 1524 1500 1471 1450 1430 1422 1431 1428 1412 1394 1383 1370 1353 1344 1340 1343 1354 1366 1363 1336 1307 1287 1274 1270 1275 1280 1283 1273 1256 1237 1218 1199 1177 1161 1141 1124 1112 1102 1095 1088 1076 1064 1063 1079 1093 1108 1128 1141 1140 1135 1131 1132 1128 1127 1123 1121 1121 1117 1111 1105 1096 1086 1074 1060 1047 1030 1018
1810 1788 1762 1740 1720 1704 1690 1676 1662 1652 1653 1655 1648 1628 1610 1593 1575 1561 1542 1516 1490 1465 1450 1441 1435 1428 1416 1404 1395 1383 1369 1359 1348 1338 1339 1347 1346 1328 1306 1292 1279 1274 1272 1262 1257 1251 1237 1218 1201 1182 1161 1147 1131 1119 1111 1102 1095 1090 1078 1065 1074 1091 1109 1130 1149 1161 1161 1152 1148 1149 1145 1142 1138 1135 1130 1127 1123 1120 1111 1099 1084 1071 1057 1041 1027
1855 1825 1792 1764 1748 1743 1732 1716 1698 1685 1677 1676 1667 1648 1627 1607 1592 1579 1561 1541 1518 1494 1470 1454 1444 1434 1422 1408 1397 1388 1371 1354 1340 1329 1324 1327 1324 1310 1296 1283 1261 1249 1242 1227 1218 1213 1206 1188 1171 1153 1138 1123 1113 1103 1100 1100 1096 1086 1074 1076 1091 1105 1126 1156 1179 1186 1177 1170 1173 1172 1170 1164 1160 1156 1149 1144 1140 1133 1119 1106 1093 1079 1064 1047 1038
1868 1840 1814 1789 1776 1777 1768 1745 1720 1700 1684 1674 1667 1654 1636 1619 1612 1600 1582 1560 1538 1513 1491 1472 1456 1438 1425 1411 1402 1393 1375 1351 1336 1326 1315 1306 1299 1288 1273 1259 1240 1225 1212 1194 1186 1181 1174 1157 1142 1129 1120 1110 1099 1094 1089 1085 1081 1077 1080 1095 1112 1129 1154 1183 1201 1203 1197 1198 1199 1191 1190 1189 1185 1179 1170 1162 1153 1142 1129 1115 1100 1086 1074 1062 1057
1860 1836 1817 1794 1775 1777 1767 1749 1726 1703 1684 1670 1663 1657 1645 1633 1622 1608 1591 1570 1548 1522 1500 1481 1463 1446 1430 1419 1412 1405 1388 1359 1338 1327 1315 1300 1294 1292 1274 1248 1234 1231 1222 1206 1183 1166 1158 1149 1138 1137 1131 1120 1110 1100 1092 1081 1080 1087 1099 1113 1130 1147 1171 1196 1211 1220 1226 1228 1229 1223 1216 1212 1206 1199 1191 1181 1170 1156 1146 1135 1120 1104 1092 1087 1080
1843 1820 1796 1772 1751 1749 1749 1742 1727 1704 1681 1667 1659 1657 1648 1632 1617 1605 1588 1569 1547 1525 1504 1484 1465 1449 1435 1424 1417 1413 1403 1378 1346 1325 1311 1298 1295 1296 1282 1262 1260 1261 1252 1232 1208 1188 1173 1165 1164 1159 1144 1130 1117 1101 1090 1085 1095 1107 1119 1130 1146 1167 1193 1219 1231 1239 1248 1251 1248 1241 1234 1226 1215 1206 1197 1188 1180 1169 1159 1148 1132 1119 1108 1097 1085
1817 1794 1771 1749 1726 1720 1724 1725 1715 1695 1672 1654 1647 1645 1638 1622 1608 1595 1581 1564 1544 1524 1503 1486 1467 1451 1438 1425 1416 1410 1401 1381 1356 1330 1313 1307 1312 1314 1298 1287 1285 1275 1260 1240 1221 1203 1189 1181 1172 1158 1141 1128 1113 1105 1098 1091 1098 1120 1137 1150 1168 1190 1214 1230 1240 1251 1259 1264 1263 1256 1247 1236 1226 1216 1205 1194 1188 1178 1165 1154 1140 1123 1109 1097 1086
1792 1764 1743 1725 1707 1697 1702 1707 1700 1684 1661 1641 1627 1625 1624 1611 1596 1581 1567 1554 1539 1519 1501 1481 1465 1450 1437 1426 1415 1405 1391 1374 1355 1335 1321 1314 1309 1308 1307 1308 1301 1284 1265 1246 1226 1212 1198 1185 1169 1155 1142 1131 1120 1112 1108 1097 1100 1126 1148 1168 1186 1205 1223 1238 1249 1260 1272 1280 1277 1271 1264 1257 1249 1235 1223 1210 1199 1188 1176 1166 1153 1131 1116 1106 1091
1776 1749 1726 1705 1690 1679 1687 1689 1684 1668 1646 1627 1611 1605 1610 1601 1587 1574 1559 1546 1531 1513 1497 1477 1460 1446 1435 1425 1414 1400 1387 1375 1361 1348 1336 1323 1312 1310 1312 1315 1309 1292 1273 1253 1234 1214 1195 1182 1167 1152 1141 1129 1119 1114 1107 1100 1107 1132 1158 1181 1199 1217 1236 1253 1267 1283 1291 1294 1291 1286 1280 1275 1266 1256 1242 1231 1213 1197 1184 1175 1164 1149 1133 1118 1102
1752 1731 1710 1693 1676 1664 1667 1674 1666 1646 1624 1608 1594 1588 1591 1588 1579 1567 1553 1539 1522 1508 1493 1474 1458 1442 1432 1421 1411 1395 1381 1371 1358 1345 1335 1324 1316 1318 1324 1323 1313 1294 1272 1248 1229 1210 1192 1178 1160 1146 1134 1126 1120 1115 1108 1110 1125 1148 1176 1202 1224 1241 1255 1273 1289 1305 1316 1316 1310 1303 1293 1287 1279 1271 1263 1250 1231 1213 1195 1186 1176 1161 1141 1123 1113
1718 1704 1685 1669 1654 1642 1641 1649 1646 1628 1605 1592 1579 1573 1574 1576 1574 1563 1550 1535 1515 1502 1488 1475 1463 1448 1437 1428 1416 1397 1377 1356 1339 1328 1320 1314 1313 1321 1330 1325 1306 1284 1262 1238 1217 1201 1186 1170 1154 1144 1138 1129 1123 1121 1124 1133 1147 1174 1200 1222 1245 1264 1280 1299 1314 1324 1329 1328 1327 1322 1314 1305 1294 1285 1277 1264 1247 1230 1212 1195 1179 1157 1137 1126 1135
1683 1670 1657 1647 1632 1617 1613 1623 1627 1613 1590 1571 1561 1558 1558 1563 1565 1560 1548 1530 1511 1495 1482 1471 1460 1450 1439 1429 1418 1402 1388 1367 1346 1329 1316 1309 1305 1307 1305 1294 1276 1255 1236 1216 1201 1187 1175 1163 1157 1152 1140 1131 1132 1140 1153 1165 1179 1200 1223 1248 1267 1285 1307 1325 1340 1346 1344 1340 1334 1330 1324 1320 1314 1304 1291 1278 1261 1240 1220 1199 1181 1165 1152 1143 1160
1673 1649 1630 1621 1612 1598 1588 1595 1602 1599 1585 1564 1549 1545 1543 1545 1548 1543 1534 1519 1502 1486 1474 1466 1457 1449 1440 1430 1423 1418 1404 1385 1362 1339 1320 1314 1314 1321 1321 1309 1286 1265 1248 1231 1210 1198 1184 1172 1163 1153 1142 1142 1149 1158 1169 1180 1197 1222 1253 1272 1287 1304 1322 1338 1349 1353 1353 1351 1348 1343 1334 1326 1321 1315 1305 1288 1271 1252 1235 1220 1202 1189 1173 1162 1180
1682 1656 1631 1611 1594 1580 1568 1566 1571 1573 1570 1556 1544 1535 1530 1528 1531 1533 1526 1509 1493 1480 1468 1459 1453 1446 1439 1428 1424 1422 1414 1396 1374 1350 1329 1328 1342 1349 1345 1338 1321 1301 1279 1255 1229 1211 1197 1182 1169 1154 1146 1155 1163 1169 1179 1192 1212 1239 1267 1286 1299 1313 1326 1335 1340 1345 1350 1354 1353 1350 1344 1335 1326 1318 1312 1305 1296 1282 1268 1254 1232 1212 1193 1183 1193
1704 1677 1652 1626 1604 1584 1564 1548 1541 1543 1545 1542 1536 1527 1521 1518 1518 1521 1517 1500 1483 1472 1462 1455 1449 1443 1435 1427 1416 1409 1401 1388 1372 1356 1343 1348 1359 1362 1358 1346 1328 1309 1288 1266 1243 1219 1203 1187 1174 1162 1155 1160 1169 1179 1191 1205 1223 1251 1274 1290 1303 1312 1320 1323 1328 1335 1345 1350 1350 1350 1347 1341 1338 1332 1323 1315 1308 1300 1288 1275 1259 1240 1228 1214 1210
1727 1701 1675 1649 1618 1593 1572 1553 1539 1527 1520 1519 1516 1514 1508 1505 1502 1498 1492 1480 1468 1457 1451 1448 1442 1436 1431 1422 1409 1398 1389 1376 1364 1354 1350 1356 1359 1359 1354 1339 1324 1308 1285 1264 1243 1223 1206 1192 1180 1174 1173 1177 1177 1186 1201 1216 1233 1258 1276 1291 1300 1305 1307 1310 1318 1330 1345 1348 1342 1340 1340 1340 1337 1336 1333 1327 1319 1310 1303 1291 1280 1269 1258 1250 1243
1747 1719 1690 1660 1629 1605 1585 1569 1552 1532 1517 1507 1499 1490 1486 1483 1482 1473 1459 1449 1441 1435 1433 1435 1432 1427 1423 1416 1407 1401 1388 1370 1355 1350 1352 1357 1369 1373 1360 1341 1324 1304 1283 1261 1239 1224 1211 1198 1192 1189 1190 1193 1194 1195 1207 1225 1242 1260 1276 1286 1290 1294 1297 1304 1314 1331 1346 1347 1337 1332 1332 1333 1332 1331 1331 1330 1328 1320 1310 1302 1292 1283 1277 1270 1261
1768 1735 1709 1683 1658 1636 1616 1596 1570 1545 1525 1514 1500 1486 1473 1461 1463 1456 1436 1421 1413 1412 1415 1423 1425 1418 1415 1412 1407 1391 1376 1360 1348 1344 1343 1353 1373 1386 1374 1355 1333 1307 1286 1265 1246 1229 1218 1210 1207 1204 1204 1208 1212 1213 1217 1227 1239 1254 1265 1272 1279 1287 1295 1304 1321 1341 1350 1347 1340 1334 1330 1328 1326 1324 1323 1324 1325 1325 1322 1314 1305 1296 1290 1286 1279
1791 1761 1732 1708 1683 1661 1639 1618 1593 1566 1536 1518 1506 1497 1486 1467 1457 1442 1419 1401 1392 1391 1396 1408 1411 1403 1398 1394 1383 1363 1345 1341 1343 1341 1333 1337 1347 1351 1349 1343 1327 1306 1287 1269 1253 1237 1227 1219 1216 1217 1219 1222 1227 1232 1237 1239 1242 1254 1264 1270 1281 1292 1302 1314 1332 1352 1360 1354 1347 1340 1332 1327 1322 1317 1315 1314 1316 1318 1320 1320 1314 1305 1298 1291 1283
1809 1774 1746 1723 1696 1670 1650 1628 1599 1568 1540 1515 1498 1488 1482 1476 1464 1445 1424 1395 1378 1370 1375 1379 1378 1375 1382 1373 1350 1332 1321 1328 1346 1353 1347 1335 1325 1321 1315 1310 1305 1296 1284 1272 1255 1244 1235 1230 1226 1226 1229 1234 1240 1244 1250 1257 1266 1274 1279 1286 1295 1301 1312 1329 1351 1366 1365 1358 1350 1342 1332 1325 1319 1314 1310 1307 1305 1305 1308 1311 1312 1308 1302 1294 1287
1797 1774 1748 1724 1696 1669 1645 1623 1597 1569 1538 1511 1487 1475 1469 1466 1453 1433 1416 1403 1390 1370 1356 1353 1347 1346 1356 1353 1328 1308 1309 1325 1344 1366 1381 1370 1351 1333 1315 1298 1287 1278 1271 1264 1255 1246 1239 1234 1232 1233 1236 1240 1245 1249 1259 1268 1277 1286 1294 1299 1304 1315 1329 1348 1369 1376 1370 1362 1354 1345 1334 1325 1318 1311 1307 1303 1299 1295 1294 1300 1303 1303 1302 1297 1289
1768 1749 1730 1712 1689 1663 1639 1613 1590 1570 1540 1508 1486 1468 1460 1451 1443 1431 1416 1410 1400 1386 1362 1341 1329 1321 1327 1329 1316 1299 1294 1306 1323 1343 1363 1360 1338 1325 1311 1296 1283 1275 1263 1253 1247 1240 1235 1231 1232 1234 1239 1242 1248 1256 1266 1275 1286 1299 1307 1312 1317 1327 1345 1367 1382 1381 1375 1368 1358 1348 1339 1330 1322 1317 1312 1306 1300 1295 1288 1286 1292 1295 1297 1296 1291
1746 1725 1708 1693 1677 1655 1635 1610 1584 1560 1534 1509 1490 1479 1471 1460 1452 1441 1436 1432 1420 1405 1390 1373 1354 1332 1312 1302 1296 1291 1281 1284 1292 1307 1318 1320 1310 1300 1290 1278 1272 1270 1266 1254 1245 1236 1227 1219 1224 1231 1240 1246 1251 1256 1261 1268 1278 1289 1299 1309 1321 1336 1356 1380 1393 1386 1379 1374 1364 1353 1345 1336 1329 1322 1315 1310 1304 1298 1292 1284 1279 1283 1288 1291 1290
1736 1714 1691 1676 1660 1643 1625 1607 1584 1558 1534 1514 1503 1503 1507 1498 1477 1456 1442 1436 1430 1426 1417 1396 1376 1359 1337 1314 1296 1284 1273 1267 1269 1270 1274 1277 1283 1281 1273 1260 1251 1253 1253 1248 1242 1234 1222 1207 1208 1216 1227 1237 1243 1247 1251 1256 1266 1276 1286 1297 1314 1333 1357 1383 1394 1388 1383 1378 1370 1360 1352 1344 1336 1328 1321 1314 1308 1302 1295 1286 1277 1273 1274 1281 1288
1718 1698 1679 1663 1648 1639 1628 1609 1591 1563 1539 1521 1512 1511 1512 1508 1486 1458 1436 1423 1419 1417 1413 1397 1379 1362 1342 1324 1305 1296 1290 1280 1273 1268 1267 1262 1259 1254 1249 1239 1229 1225 1223 1222 1219 1214 1207 1199 1191 1189 1202 1217 1229 1232 1237 1246 1258 1268 1278 1292 1310 1329 1357 1386 1392 1388 1385 1381 1374 1366 1358 1351 1342 1333 1325 1316 1310 1305 1298 1291 1283 1274 1267 1265 1275
1685 1672 1658 1645 1633 1624 1617 1599 1575 1553 1528 1511 1500 1496 1495 1487 1469 1447 1424 1406 1398 1397 1395 1383 1368 1350 1330 1310 1297 1294 1291 1286 1282 1277 1279 1280 1280 1275 1270 1258 1241 1227 1210 1197 1191 1184 1176 1172 1170 1168 1183 1202 1214 1218 1225 1238 1250 1258 1269 1285 1302 1325 1357 1387 1390 1388 1386 1381 1375 1368 1361 1353 1345 1336 1329 1320 1315 1309 1301 1294 1287 1279 1272 1260 1255
1657 1644 1632 1622 1613 1609 1600 1581 1555 1534 1514 1496 1484 1480 1477 1463 1445 1431 1410 1390 1377 1372 1373 1371 1359 1346 1329 1311 1302 1297 1294 1298 1299 1299 1299 1297 1288 1282 1271 1258 1246 1235 1219 1196 1185 1181 1174 1163 1149 1154 1169 1184 1195 1204 1214 1226 1240 1250 1262 1278 1298 1325 1358 1384 1385 1384 1384 1380 1376 1369 1364 1356 1348 1340 1333 1325 1319 1313 1308 1302 1296 1291 1286 1274 1255
1643 1624 1610 1599 1589 1583 1581 1572 1549 1521 1497 1481 1471 1467 1463 1446 1425 1405 1389 1371 1360 1355 1364 1375 1371 1360 1343 1327 1318 1322 1328 1332 1337 1331 1316 1299 1284 1270 1258 1249 1236 1225 1217 1209 1201 1192 1184 1175 1154 1142 1149 1164 1181 1193 1204 1219 1234 1247 1260 1273 1294 1321 1354 1377 1380 1380 1380 1376 1373 1368 1363 1358 1350 1344 1337 1331 1326 1321 1314 1306 1303 1300 1295 1289 1284
1654 1632 1612 1598 1583 1566 1563 1566 1548 1520 1489 1469 1458 1455 1450 1434 1413 1388 1371 1356 1345 1343 1356 1376 1390 1391 1378 1356 1341 1344 1346 1338 1332 1321 1301 1283 1268 1256 1246 1240 1229 1216 1206 1201 1194 1185 1176 1172 1162 1142 1136 1157 1175 1187 1202 1217 1230 1245 1259 1271 1290 1318 1347 1370 1374 1374 1374 1369 1367 1365 1363 1359 1354 1347 1343 1336 1331 1323 1317 1313 1308 1304 1300 1295 1291
1675 1656 1642 1626 1608 1582 1559 1541 1521 1502 1477 1455 1441 1439 1432 1414 1395 1373 1355 1343 1334 1333 1347 1364 1382 1391 1384 1363 1345 1336 1327 1317 1309 1296 1279 1260 1245 1235 1228 1225 1218 1206 1195 1190 1184 1176 1168 1165 1161 1143 1132 1153 1170 1184 1201 1215 1228 1241 1254 1267 1286 1312 1343 1365 1368 1368 1368 1363 1361 1358 1358 1356 1352 1347 1343 1339 1333 1328 1322 1318 1312 1306 1301 1296 1291
1700 1681 1667 1654 1636 1607 1578 1546 1513 1485 1458 1436 1424 1417 1408 1391 1372 1357 1346 1337 1328 1324 1332 1345 1363 1374 1370 1353 1337 1323 1309 1297 1286 1272 1257 1240 1227 1217 1211 1205 1199 1192 1184 1178 1173 1166 1161 1159 1152 1139 1127 1148 1168 1181 1195 1207 1218 1231 1242 1257 1278 1304 1338 1359 1362 1365 1364 1358 1354 1349 1348 1346 1342 1337 1333 1329 1325 1321 1317 1312 1307 1301 1295 1290 1283
1712 1691 1679 1666 1646 1620 1590 1561 1529 1498 1466 1441 1428 1423 1411 1392 1368 1346 1334 1331 1328 1319 1318 1329 1345 1353 1350 1339 1320 1304 1289 1276 1264 1250 1237 1224 1213 1204 1197 1188 1184 1181 1177 1171 1166 1160 1157 1152 1141 1127 1123 1145 1165 1177 1186 1198 1211 1222 1233 1249 1267 1294 1329 1350 1356 1360 1360 1353 1347 1342 1338 1334 1328 1322 1315 1309 1307 1305 1300 1296 1291 1287 1282 1273 1264
1712 1690 1674 1658 1641 1620 1596 1571 1547 1516 1485 1469 1456 1449 1436 1409 1382 1358 1339 1326 1320 1316 1312 1317 1329 1329 1323 1314 1300 1284 1266 1253 1240 1229 1218 1206 1197 1192 1186 1180 1173 1169 1167 1160 1155 1153 1148 1136 1124 1116 1122 1151 1171 1188 1204 1214 1224 1238 1248 1258 1269 1288 1315 1336 1348 1358 1358 1353 1348 1345 1340 1336 1329 1324 1317 1307 1296 1291 1285 1278 1274 1269 1263 1256 1251
1705 1684 1668 1649 1629 1608 1591 1573 1555 1533 1507 1493 1482 1473 1451 1421 1392 1365 1344 1331 1322 1317 1311 1311 1313 1309 1302 1295 1280 1262 1247 1234 1222 1208 1195 1186 1179 1178 1174 1170 1165 1160 1156 1152 1148 1146 1140 1121 1107 1116 1137 1161 1176 1192 1205 1218 1232 1249 1264 1277 1284 1297 1313 1329 1344 1358 1359 1357 1356 1354 1351 1347 1346 1343 1339 1331 1318 1305 1297 1289 1280 1274 1274 1273 1276
1692 1673 1658 1641 1622 1603 1582 1565 1548 1532 1525 1515 1501 1482 1456 1426 1398 1372 1349 1336 1324 1316 1312 1311 1309 1310 1313 1309 1291 1269 1248 1234 1223 1212 1202 1190 1169 1159 1154 1152 1152 1149 1148 1143 1137 1135 1122 1104 1107 1128 1150 1173 1196 1207 1213 1223 1236 1251 1268 1283 1301 1323 1339 1351 1360 1366 1368 1366 1367 1365 1363 1361 1362 1358 1353 1347 1338 1330 1317 1304 1300 1302 1305 1302 1300
1679 1662 1643 1624 1607 1591 1574 1555 1537 1521 1520 1518 1507 1485 1454 1425 1403 1380 1358 1340 1329 1321 1318 1317 1315 1319 1321 1312 1298 1279 1256 1243 1233 1224 1214 1200 1189 1175 1156 1140 1132 1126 1126 1123 1122 1120 1102 1098 1119 1137 1157 1186 1205 1208 1215 1226 1243 1257 1272 1290 1309 1331 1353 1367 1373 1377 1378 1377 1376 1376 1375 1373 1371 1368 1364 1358 1352 1345 1338 1331 1328 1325 1326 1329 1329
1676 1659 1637 1614 1596 1582 1564 1545 1523 1508 1504 1501 1493 1478 1451 1424 1399 1379 1359 1342 1335 1327 1326 1329 1327 1330 1326 1315 1297 1275 1255 1241 1224 1215 1206 1197 1189 1177 1163 1151 1138 1124 1114 1105 1098 1097 1087 1102 1126 1142 1164 1191 1207 1206 1214 1231 1251 1271 1293 1317 1342 1356 1369 1379 1386 1386 1384 1384 1381 1380 1379 1378 1376 1374 1369 1364 1361 1358 1355 1351 1348 1347 1345 1344 1343
1693 1669 1644 1620 1599 1581 1561 1540 1516 1497 1489 1480 1470 1458 1433 1408 1390 1374 1357 1346 1340 1335 1340 1341 1340 1340 1332 1317 1296 1273 1251 1234 1218 1207 1200 1194 1188 1179 1168 1158 1149 1140 1133 1123 1106 1087 1081 1105 1123 1145 1165 1188 1200 1204 1217 1237 1257 1282 1312 1344 1373 1382 1383 1390 1392 1391 1388 1385 1384 1380 1379 1378 1377 1376 1373 1369 1367 1364 1362 1359 1358 1356 1352 1349 1346
